         576
           1           1  0.000000000000000E+000  0.000000000000000E+000
  0.000000000000000E+000
           2           2   1.00000000000000       0.000000000000000E+000
  0.000000000000000E+000
           3           3  0.000000000000000E+000   1.00000000000000     
  0.000000000000000E+000
           4           4   1.00000000000000        1.00000000000000     
  0.000000000000000E+000
           5           5  0.000000000000000E+000  0.000000000000000E+000
   1.00000000000000     
           6           6   1.00000000000000       0.000000000000000E+000
   1.00000000000000     
           7           7  0.000000000000000E+000   1.00000000000000     
   1.00000000000000     
           8           8   1.00000000000000        1.00000000000000     
   1.00000000000000     
           9           9  0.000000000000000E+000  0.000000000000000E+000
   2.00000000000000     
          10          10   1.00000000000000       0.000000000000000E+000
   2.00000000000000     
          11          11  0.000000000000000E+000   1.00000000000000     
   2.00000000000000     
          12          12   1.00000000000000        1.00000000000000     
   2.00000000000000     
          13          13  0.000000000000000E+000   2.00000000000000     
   1.00000000000000     
          14          14   1.00000000000000        2.00000000000000     
   1.00000000000000     
          15          15  0.000000000000000E+000   2.00000000000000     
   2.00000000000000     
          16          16   1.00000000000000        2.00000000000000     
   2.00000000000000     
          17          17  0.200000000000000       0.000000000000000E+000
  0.000000000000000E+000
          18          18  0.400000000000000       0.000000000000000E+000
  0.000000000000000E+000
          19          19  0.600000000000000       0.000000000000000E+000
  0.000000000000000E+000
          20          20  0.800000000000000       0.000000000000000E+000
  0.000000000000000E+000
          21          21   1.00000000000000       0.000000000000000E+000
  0.200000000000000     
          22          22   1.00000000000000       0.000000000000000E+000
  0.400000000000000     
          23          23   1.00000000000000       0.000000000000000E+000
  0.600000000000000     
          24          24   1.00000000000000       0.000000000000000E+000
  0.800000000000000     
          25          25  0.200000000000000       0.000000000000000E+000
   1.00000000000000     
          26          26  0.400000000000000       0.000000000000000E+000
   1.00000000000000     
          27          27  0.600000000000000       0.000000000000000E+000
   1.00000000000000     
          28          28  0.800000000000000       0.000000000000000E+000
   1.00000000000000     
          29          29  0.000000000000000E+000  0.000000000000000E+000
  0.200000000000000     
          30          30  0.000000000000000E+000  0.000000000000000E+000
  0.400000000000000     
          31          31  0.000000000000000E+000  0.000000000000000E+000
  0.600000000000000     
          32          32  0.000000000000000E+000  0.000000000000000E+000
  0.800000000000000     
          33          33   1.00000000000000       0.200000000000000     
  0.000000000000000E+000
          34          34   1.00000000000000       0.400000000000000     
  0.000000000000000E+000
          35          35   1.00000000000000       0.600000000000000     
  0.000000000000000E+000
          36          36   1.00000000000000       0.800000000000000     
  0.000000000000000E+000
          37          37   1.00000000000000       0.200000000000000     
   1.00000000000000     
          38          38   1.00000000000000       0.400000000000000     
   1.00000000000000     
          39          39   1.00000000000000       0.600000000000000     
   1.00000000000000     
          40          40   1.00000000000000       0.800000000000000     
   1.00000000000000     
          41          41  0.000000000000000E+000  0.200000000000000     
   1.00000000000000     
          42          42  0.000000000000000E+000  0.400000000000000     
   1.00000000000000     
          43          43  0.000000000000000E+000  0.600000000000000     
   1.00000000000000     
          44          44  0.000000000000000E+000  0.800000000000000     
   1.00000000000000     
          45          45  0.000000000000000E+000  0.200000000000000     
  0.000000000000000E+000
          46          46  0.000000000000000E+000  0.400000000000000     
  0.000000000000000E+000
          47          47  0.000000000000000E+000  0.600000000000000     
  0.000000000000000E+000
          48          48  0.000000000000000E+000  0.800000000000000     
  0.000000000000000E+000
          49          49  0.200000000000000        1.00000000000000     
  0.000000000000000E+000
          50          50  0.400000000000000        1.00000000000000     
  0.000000000000000E+000
          51          51  0.600000000000000        1.00000000000000     
  0.000000000000000E+000
          52          52  0.800000000000000        1.00000000000000     
  0.000000000000000E+000
          53          53   1.00000000000000        1.00000000000000     
  0.200000000000000     
          54          54   1.00000000000000        1.00000000000000     
  0.400000000000000     
          55          55   1.00000000000000        1.00000000000000     
  0.600000000000000     
          56          56   1.00000000000000        1.00000000000000     
  0.800000000000000     
          57          57  0.200000000000000        1.00000000000000     
   1.00000000000000     
          58          58  0.400000000000000        1.00000000000000     
   1.00000000000000     
          59          59  0.600000000000000        1.00000000000000     
   1.00000000000000     
          60          60  0.800000000000000        1.00000000000000     
   1.00000000000000     
          61          61  0.000000000000000E+000   1.00000000000000     
  0.200000000000000     
          62          62  0.000000000000000E+000   1.00000000000000     
  0.400000000000000     
          63          63  0.000000000000000E+000   1.00000000000000     
  0.600000000000000     
          64          64  0.000000000000000E+000   1.00000000000000     
  0.800000000000000     
          65          65   1.00000000000000       0.000000000000000E+000
   1.20000000000000     
          66          66   1.00000000000000       0.000000000000000E+000
   1.40000000000000     
          67          67   1.00000000000000       0.000000000000000E+000
   1.60000000000000     
          68          68   1.00000000000000       0.000000000000000E+000
   1.80000000000000     
          69          69  0.200000000000000       0.000000000000000E+000
   2.00000000000000     
          70          70  0.400000000000000       0.000000000000000E+000
   2.00000000000000     
          71          71  0.600000000000000       0.000000000000000E+000
   2.00000000000000     
          72          72  0.800000000000000       0.000000000000000E+000
   2.00000000000000     
          73          73  0.000000000000000E+000  0.000000000000000E+000
   1.20000000000000     
          74          74  0.000000000000000E+000  0.000000000000000E+000
   1.40000000000000     
          75          75  0.000000000000000E+000  0.000000000000000E+000
   1.60000000000000     
          76          76  0.000000000000000E+000  0.000000000000000E+000
   1.80000000000000     
          77          77   1.00000000000000       0.200000000000000     
   2.00000000000000     
          78          78   1.00000000000000       0.400000000000000     
   2.00000000000000     
          79          79   1.00000000000000       0.600000000000000     
   2.00000000000000     
          80          80   1.00000000000000       0.800000000000000     
   2.00000000000000     
          81          81  0.000000000000000E+000  0.200000000000000     
   2.00000000000000     
          82          82  0.000000000000000E+000  0.400000000000000     
   2.00000000000000     
          83          83  0.000000000000000E+000  0.600000000000000     
   2.00000000000000     
          84          84  0.000000000000000E+000  0.800000000000000     
   2.00000000000000     
          85          85   1.00000000000000        1.00000000000000     
   1.20000000000000     
          86          86   1.00000000000000        1.00000000000000     
   1.40000000000000     
          87          87   1.00000000000000        1.00000000000000     
   1.60000000000000     
          88          88   1.00000000000000        1.00000000000000     
   1.80000000000000     
          89          89  0.200000000000000        1.00000000000000     
   2.00000000000000     
          90          90  0.400000000000000        1.00000000000000     
   2.00000000000000     
          91          91  0.600000000000000        1.00000000000000     
   2.00000000000000     
          92          92  0.800000000000000        1.00000000000000     
   2.00000000000000     
          93          93  0.000000000000000E+000   1.00000000000000     
   1.20000000000000     
          94          94  0.000000000000000E+000   1.00000000000000     
   1.40000000000000     
          95          95  0.000000000000000E+000   1.00000000000000     
   1.60000000000000     
          96          96  0.000000000000000E+000   1.00000000000000     
   1.80000000000000     
          97          97   1.00000000000000        1.20000000000000     
   1.00000000000000     
          98          98   1.00000000000000        1.40000000000000     
   1.00000000000000     
          99          99   1.00000000000000        1.60000000000000     
   1.00000000000000     
         100         100   1.00000000000000        1.80000000000000     
   1.00000000000000     
         101         101   1.00000000000000        1.20000000000000     
   2.00000000000000     
         102         102   1.00000000000000        1.40000000000000     
   2.00000000000000     
         103         103   1.00000000000000        1.60000000000000     
   2.00000000000000     
         104         104   1.00000000000000        1.80000000000000     
   2.00000000000000     
         105         105  0.000000000000000E+000   1.20000000000000     
   2.00000000000000     
         106         106  0.000000000000000E+000   1.40000000000000     
   2.00000000000000     
         107         107  0.000000000000000E+000   1.60000000000000     
   2.00000000000000     
         108         108  0.000000000000000E+000   1.80000000000000     
   2.00000000000000     
         109         109  0.000000000000000E+000   1.20000000000000     
   1.00000000000000     
         110         110  0.000000000000000E+000   1.40000000000000     
   1.00000000000000     
         111         111  0.000000000000000E+000   1.60000000000000     
   1.00000000000000     
         112         112  0.000000000000000E+000   1.80000000000000     
   1.00000000000000     
         113         113  0.200000000000000        2.00000000000000     
   1.00000000000000     
         114         114  0.400000000000000        2.00000000000000     
   1.00000000000000     
         115         115  0.600000000000000        2.00000000000000     
   1.00000000000000     
         116         116  0.800000000000000        2.00000000000000     
   1.00000000000000     
         117         117   1.00000000000000        2.00000000000000     
   1.20000000000000     
         118         118   1.00000000000000        2.00000000000000     
   1.40000000000000     
         119         119   1.00000000000000        2.00000000000000     
   1.60000000000000     
         120         120   1.00000000000000        2.00000000000000     
   1.80000000000000     
         121         121  0.200000000000000        2.00000000000000     
   2.00000000000000     
         122         122  0.400000000000000        2.00000000000000     
   2.00000000000000     
         123         123  0.600000000000000        2.00000000000000     
   2.00000000000000     
         124         124  0.800000000000000        2.00000000000000     
   2.00000000000000     
         125         125  0.000000000000000E+000   2.00000000000000     
   1.20000000000000     
         126         126  0.000000000000000E+000   2.00000000000000     
   1.40000000000000     
         127         127  0.000000000000000E+000   2.00000000000000     
   1.60000000000000     
         128         128  0.000000000000000E+000   2.00000000000000     
   1.80000000000000     
         129         129  0.200000000000000       0.000000000000000E+000
  0.200000000000000     
         130         130  0.400000000000000       0.000000000000000E+000
  0.200000000000000     
         131         131  0.600000000000000       0.000000000000000E+000
  0.200000000000000     
         132         132  0.800000000000000       0.000000000000000E+000
  0.200000000000000     
         133         133  0.200000000000000       0.000000000000000E+000
  0.400000000000000     
         134         134  0.400000000000000       0.000000000000000E+000
  0.400000000000000     
         135         135  0.600000000000000       0.000000000000000E+000
  0.400000000000000     
         136         136  0.800000000000000       0.000000000000000E+000
  0.400000000000000     
         137         137  0.200000000000000       0.000000000000000E+000
  0.600000000000000     
         138         138  0.400000000000000       0.000000000000000E+000
  0.600000000000000     
         139         139  0.600000000000000       0.000000000000000E+000
  0.600000000000000     
         140         140  0.800000000000000       0.000000000000000E+000
  0.600000000000000     
         141         141  0.200000000000000       0.000000000000000E+000
  0.800000000000000     
         142         142  0.400000000000000       0.000000000000000E+000
  0.800000000000000     
         143         143  0.600000000000000       0.000000000000000E+000
  0.800000000000000     
         144         144  0.800000000000000       0.000000000000000E+000
  0.800000000000000     
         145         145   1.00000000000000       0.200000000000000     
  0.200000000000000     
         146         146   1.00000000000000       0.200000000000000     
  0.400000000000000     
         147         147   1.00000000000000       0.200000000000000     
  0.600000000000000     
         148         148   1.00000000000000       0.200000000000000     
  0.800000000000000     
         149         149   1.00000000000000       0.400000000000000     
  0.200000000000000     
         150         150   1.00000000000000       0.400000000000000     
  0.400000000000000     
         151         151   1.00000000000000       0.400000000000000     
  0.600000000000000     
         152         152   1.00000000000000       0.400000000000000     
  0.800000000000000     
         153         153   1.00000000000000       0.600000000000000     
  0.200000000000000     
         154         154   1.00000000000000       0.600000000000000     
  0.400000000000000     
         155         155   1.00000000000000       0.600000000000000     
  0.600000000000000     
         156         156   1.00000000000000       0.600000000000000     
  0.800000000000000     
         157         157   1.00000000000000       0.800000000000000     
  0.200000000000000     
         158         158   1.00000000000000       0.800000000000000     
  0.400000000000000     
         159         159   1.00000000000000       0.800000000000000     
  0.600000000000000     
         160         160   1.00000000000000       0.800000000000000     
  0.800000000000000     
         161         161  0.200000000000000       0.200000000000000     
   1.00000000000000     
         162         162  0.200000000000000       0.400000000000000     
   1.00000000000000     
         163         163  0.200000000000000       0.600000000000000     
   1.00000000000000     
         164         164  0.200000000000000       0.800000000000000     
   1.00000000000000     
         165         165  0.400000000000000       0.200000000000000     
   1.00000000000000     
         166         166  0.400000000000000       0.400000000000000     
   1.00000000000000     
         167         167  0.400000000000000       0.600000000000000     
   1.00000000000000     
         168         168  0.400000000000000       0.800000000000000     
   1.00000000000000     
         169         169  0.600000000000000       0.200000000000000     
   1.00000000000000     
         170         170  0.600000000000000       0.400000000000000     
   1.00000000000000     
         171         171  0.600000000000000       0.600000000000000     
   1.00000000000000     
         172         172  0.600000000000000       0.800000000000000     
   1.00000000000000     
         173         173  0.800000000000000       0.200000000000000     
   1.00000000000000     
         174         174  0.800000000000000       0.400000000000000     
   1.00000000000000     
         175         175  0.800000000000000       0.600000000000000     
   1.00000000000000     
         176         176  0.800000000000000       0.800000000000000     
   1.00000000000000     
         177         177  0.000000000000000E+000  0.200000000000000     
  0.200000000000000     
         178         178  0.000000000000000E+000  0.200000000000000     
  0.400000000000000     
         179         179  0.000000000000000E+000  0.200000000000000     
  0.600000000000000     
         180         180  0.000000000000000E+000  0.200000000000000     
  0.800000000000000     
         181         181  0.000000000000000E+000  0.400000000000000     
  0.200000000000000     
         182         182  0.000000000000000E+000  0.400000000000000     
  0.400000000000000     
         183         183  0.000000000000000E+000  0.400000000000000     
  0.600000000000000     
         184         184  0.000000000000000E+000  0.400000000000000     
  0.800000000000000     
         185         185  0.000000000000000E+000  0.600000000000000     
  0.200000000000000     
         186         186  0.000000000000000E+000  0.600000000000000     
  0.400000000000000     
         187         187  0.000000000000000E+000  0.600000000000000     
  0.600000000000000     
         188         188  0.000000000000000E+000  0.600000000000000     
  0.800000000000000     
         189         189  0.000000000000000E+000  0.800000000000000     
  0.200000000000000     
         190         190  0.000000000000000E+000  0.800000000000000     
  0.400000000000000     
         191         191  0.000000000000000E+000  0.800000000000000     
  0.600000000000000     
         192         192  0.000000000000000E+000  0.800000000000000     
  0.800000000000000     
         193         193  0.200000000000000       0.200000000000000     
  0.000000000000000E+000
         194         194  0.200000000000000       0.400000000000000     
  0.000000000000000E+000
         195         195  0.200000000000000       0.600000000000000     
  0.000000000000000E+000
         196         196  0.200000000000000       0.800000000000000     
  0.000000000000000E+000
         197         197  0.400000000000000       0.200000000000000     
  0.000000000000000E+000
         198         198  0.400000000000000       0.400000000000000     
  0.000000000000000E+000
         199         199  0.400000000000000       0.600000000000000     
  0.000000000000000E+000
         200         200  0.400000000000000       0.800000000000000     
  0.000000000000000E+000
         201         201  0.600000000000000       0.200000000000000     
  0.000000000000000E+000
         202         202  0.600000000000000       0.400000000000000     
  0.000000000000000E+000
         203         203  0.600000000000000       0.600000000000000     
  0.000000000000000E+000
         204         204  0.600000000000000       0.800000000000000     
  0.000000000000000E+000
         205         205  0.800000000000000       0.200000000000000     
  0.000000000000000E+000
         206         206  0.800000000000000       0.400000000000000     
  0.000000000000000E+000
         207         207  0.800000000000000       0.600000000000000     
  0.000000000000000E+000
         208         208  0.800000000000000       0.800000000000000     
  0.000000000000000E+000
         209         209  0.200000000000000        1.00000000000000     
  0.200000000000000     
         210         210  0.400000000000000        1.00000000000000     
  0.200000000000000     
         211         211  0.600000000000000        1.00000000000000     
  0.200000000000000     
         212         212  0.800000000000000        1.00000000000000     
  0.200000000000000     
         213         213  0.200000000000000        1.00000000000000     
  0.400000000000000     
         214         214  0.400000000000000        1.00000000000000     
  0.400000000000000     
         215         215  0.600000000000000        1.00000000000000     
  0.400000000000000     
         216         216  0.800000000000000        1.00000000000000     
  0.400000000000000     
         217         217  0.200000000000000        1.00000000000000     
  0.600000000000000     
         218         218  0.400000000000000        1.00000000000000     
  0.600000000000000     
         219         219  0.600000000000000        1.00000000000000     
  0.600000000000000     
         220         220  0.800000000000000        1.00000000000000     
  0.600000000000000     
         221         221  0.200000000000000        1.00000000000000     
  0.800000000000000     
         222         222  0.400000000000000        1.00000000000000     
  0.800000000000000     
         223         223  0.600000000000000        1.00000000000000     
  0.800000000000000     
         224         224  0.800000000000000        1.00000000000000     
  0.800000000000000     
         225         225  0.200000000000000       0.000000000000000E+000
   1.20000000000000     
         226         226  0.400000000000000       0.000000000000000E+000
   1.20000000000000     
         227         227  0.600000000000000       0.000000000000000E+000
   1.20000000000000     
         228         228  0.800000000000000       0.000000000000000E+000
   1.20000000000000     
         229         229  0.200000000000000       0.000000000000000E+000
   1.40000000000000     
         230         230  0.400000000000000       0.000000000000000E+000
   1.40000000000000     
         231         231  0.600000000000000       0.000000000000000E+000
   1.40000000000000     
         232         232  0.800000000000000       0.000000000000000E+000
   1.40000000000000     
         233         233  0.200000000000000       0.000000000000000E+000
   1.60000000000000     
         234         234  0.400000000000000       0.000000000000000E+000
   1.60000000000000     
         235         235  0.600000000000000       0.000000000000000E+000
   1.60000000000000     
         236         236  0.800000000000000       0.000000000000000E+000
   1.60000000000000     
         237         237  0.200000000000000       0.000000000000000E+000
   1.80000000000000     
         238         238  0.400000000000000       0.000000000000000E+000
   1.80000000000000     
         239         239  0.600000000000000       0.000000000000000E+000
   1.80000000000000     
         240         240  0.800000000000000       0.000000000000000E+000
   1.80000000000000     
         241         241   1.00000000000000       0.200000000000000     
   1.20000000000000     
         242         242   1.00000000000000       0.200000000000000     
   1.40000000000000     
         243         243   1.00000000000000       0.200000000000000     
   1.60000000000000     
         244         244   1.00000000000000       0.200000000000000     
   1.80000000000000     
         245         245   1.00000000000000       0.400000000000000     
   1.20000000000000     
         246         246   1.00000000000000       0.400000000000000     
   1.40000000000000     
         247         247   1.00000000000000       0.400000000000000     
   1.60000000000000     
         248         248   1.00000000000000       0.400000000000000     
   1.80000000000000     
         249         249   1.00000000000000       0.600000000000000     
   1.20000000000000     
         250         250   1.00000000000000       0.600000000000000     
   1.40000000000000     
         251         251   1.00000000000000       0.600000000000000     
   1.60000000000000     
         252         252   1.00000000000000       0.600000000000000     
   1.80000000000000     
         253         253   1.00000000000000       0.800000000000000     
   1.20000000000000     
         254         254   1.00000000000000       0.800000000000000     
   1.40000000000000     
         255         255   1.00000000000000       0.800000000000000     
   1.60000000000000     
         256         256   1.00000000000000       0.800000000000000     
   1.80000000000000     
         257         257  0.200000000000000       0.200000000000000     
   2.00000000000000     
         258         258  0.200000000000000       0.400000000000000     
   2.00000000000000     
         259         259  0.200000000000000       0.600000000000000     
   2.00000000000000     
         260         260  0.200000000000000       0.800000000000000     
   2.00000000000000     
         261         261  0.400000000000000       0.200000000000000     
   2.00000000000000     
         262         262  0.400000000000000       0.400000000000000     
   2.00000000000000     
         263         263  0.400000000000000       0.600000000000000     
   2.00000000000000     
         264         264  0.400000000000000       0.800000000000000     
   2.00000000000000     
         265         265  0.600000000000000       0.200000000000000     
   2.00000000000000     
         266         266  0.600000000000000       0.400000000000000     
   2.00000000000000     
         267         267  0.600000000000000       0.600000000000000     
   2.00000000000000     
         268         268  0.600000000000000       0.800000000000000     
   2.00000000000000     
         269         269  0.800000000000000       0.200000000000000     
   2.00000000000000     
         270         270  0.800000000000000       0.400000000000000     
   2.00000000000000     
         271         271  0.800000000000000       0.600000000000000     
   2.00000000000000     
         272         272  0.800000000000000       0.800000000000000     
   2.00000000000000     
         273         273  0.000000000000000E+000  0.200000000000000     
   1.20000000000000     
         274         274  0.000000000000000E+000  0.200000000000000     
   1.40000000000000     
         275         275  0.000000000000000E+000  0.200000000000000     
   1.60000000000000     
         276         276  0.000000000000000E+000  0.200000000000000     
   1.80000000000000     
         277         277  0.000000000000000E+000  0.400000000000000     
   1.20000000000000     
         278         278  0.000000000000000E+000  0.400000000000000     
   1.40000000000000     
         279         279  0.000000000000000E+000  0.400000000000000     
   1.60000000000000     
         280         280  0.000000000000000E+000  0.400000000000000     
   1.80000000000000     
         281         281  0.000000000000000E+000  0.600000000000000     
   1.20000000000000     
         282         282  0.000000000000000E+000  0.600000000000000     
   1.40000000000000     
         283         283  0.000000000000000E+000  0.600000000000000     
   1.60000000000000     
         284         284  0.000000000000000E+000  0.600000000000000     
   1.80000000000000     
         285         285  0.000000000000000E+000  0.800000000000000     
   1.20000000000000     
         286         286  0.000000000000000E+000  0.800000000000000     
   1.40000000000000     
         287         287  0.000000000000000E+000  0.800000000000000     
   1.60000000000000     
         288         288  0.000000000000000E+000  0.800000000000000     
   1.80000000000000     
         289         289  0.200000000000000        1.00000000000000     
   1.20000000000000     
         290         290  0.400000000000000        1.00000000000000     
   1.20000000000000     
         291         291  0.600000000000000        1.00000000000000     
   1.20000000000000     
         292         292  0.800000000000000        1.00000000000000     
   1.20000000000000     
         293         293  0.200000000000000        1.00000000000000     
   1.40000000000000     
         294         294  0.400000000000000        1.00000000000000     
   1.40000000000000     
         295         295  0.600000000000000        1.00000000000000     
   1.40000000000000     
         296         296  0.800000000000000        1.00000000000000     
   1.40000000000000     
         297         297  0.200000000000000        1.00000000000000     
   1.60000000000000     
         298         298  0.400000000000000        1.00000000000000     
   1.60000000000000     
         299         299  0.600000000000000        1.00000000000000     
   1.60000000000000     
         300         300  0.800000000000000        1.00000000000000     
   1.60000000000000     
         301         301  0.200000000000000        1.00000000000000     
   1.80000000000000     
         302         302  0.400000000000000        1.00000000000000     
   1.80000000000000     
         303         303  0.600000000000000        1.00000000000000     
   1.80000000000000     
         304         304  0.800000000000000        1.00000000000000     
   1.80000000000000     
         305         305   1.00000000000000        1.20000000000000     
   1.20000000000000     
         306         306   1.00000000000000        1.20000000000000     
   1.40000000000000     
         307         307   1.00000000000000        1.20000000000000     
   1.60000000000000     
         308         308   1.00000000000000        1.20000000000000     
   1.80000000000000     
         309         309   1.00000000000000        1.40000000000000     
   1.20000000000000     
         310         310   1.00000000000000        1.40000000000000     
   1.40000000000000     
         311         311   1.00000000000000        1.40000000000000     
   1.60000000000000     
         312         312   1.00000000000000        1.40000000000000     
   1.80000000000000     
         313         313   1.00000000000000        1.60000000000000     
   1.20000000000000     
         314         314   1.00000000000000        1.60000000000000     
   1.40000000000000     
         315         315   1.00000000000000        1.60000000000000     
   1.60000000000000     
         316         316   1.00000000000000        1.60000000000000     
   1.80000000000000     
         317         317   1.00000000000000        1.80000000000000     
   1.20000000000000     
         318         318   1.00000000000000        1.80000000000000     
   1.40000000000000     
         319         319   1.00000000000000        1.80000000000000     
   1.60000000000000     
         320         320   1.00000000000000        1.80000000000000     
   1.80000000000000     
         321         321  0.200000000000000        1.20000000000000     
   2.00000000000000     
         322         322  0.200000000000000        1.40000000000000     
   2.00000000000000     
         323         323  0.200000000000000        1.60000000000000     
   2.00000000000000     
         324         324  0.200000000000000        1.80000000000000     
   2.00000000000000     
         325         325  0.400000000000000        1.20000000000000     
   2.00000000000000     
         326         326  0.400000000000000        1.40000000000000     
   2.00000000000000     
         327         327  0.400000000000000        1.60000000000000     
   2.00000000000000     
         328         328  0.400000000000000        1.80000000000000     
   2.00000000000000     
         329         329  0.600000000000000        1.20000000000000     
   2.00000000000000     
         330         330  0.600000000000000        1.40000000000000     
   2.00000000000000     
         331         331  0.600000000000000        1.60000000000000     
   2.00000000000000     
         332         332  0.600000000000000        1.80000000000000     
   2.00000000000000     
         333         333  0.800000000000000        1.20000000000000     
   2.00000000000000     
         334         334  0.800000000000000        1.40000000000000     
   2.00000000000000     
         335         335  0.800000000000000        1.60000000000000     
   2.00000000000000     
         336         336  0.800000000000000        1.80000000000000     
   2.00000000000000     
         337         337  0.000000000000000E+000   1.20000000000000     
   1.20000000000000     
         338         338  0.000000000000000E+000   1.20000000000000     
   1.40000000000000     
         339         339  0.000000000000000E+000   1.20000000000000     
   1.60000000000000     
         340         340  0.000000000000000E+000   1.20000000000000     
   1.80000000000000     
         341         341  0.000000000000000E+000   1.40000000000000     
   1.20000000000000     
         342         342  0.000000000000000E+000   1.40000000000000     
   1.40000000000000     
         343         343  0.000000000000000E+000   1.40000000000000     
   1.60000000000000     
         344         344  0.000000000000000E+000   1.40000000000000     
   1.80000000000000     
         345         345  0.000000000000000E+000   1.60000000000000     
   1.20000000000000     
         346         346  0.000000000000000E+000   1.60000000000000     
   1.40000000000000     
         347         347  0.000000000000000E+000   1.60000000000000     
   1.60000000000000     
         348         348  0.000000000000000E+000   1.60000000000000     
   1.80000000000000     
         349         349  0.000000000000000E+000   1.80000000000000     
   1.20000000000000     
         350         350  0.000000000000000E+000   1.80000000000000     
   1.40000000000000     
         351         351  0.000000000000000E+000   1.80000000000000     
   1.60000000000000     
         352         352  0.000000000000000E+000   1.80000000000000     
   1.80000000000000     
         353         353  0.200000000000000        1.20000000000000     
   1.00000000000000     
         354         354  0.200000000000000        1.40000000000000     
   1.00000000000000     
         355         355  0.200000000000000        1.60000000000000     
   1.00000000000000     
         356         356  0.200000000000000        1.80000000000000     
   1.00000000000000     
         357         357  0.400000000000000        1.20000000000000     
   1.00000000000000     
         358         358  0.400000000000000        1.40000000000000     
   1.00000000000000     
         359         359  0.400000000000000        1.60000000000000     
   1.00000000000000     
         360         360  0.400000000000000        1.80000000000000     
   1.00000000000000     
         361         361  0.600000000000000        1.20000000000000     
   1.00000000000000     
         362         362  0.600000000000000        1.40000000000000     
   1.00000000000000     
         363         363  0.600000000000000        1.60000000000000     
   1.00000000000000     
         364         364  0.600000000000000        1.80000000000000     
   1.00000000000000     
         365         365  0.800000000000000        1.20000000000000     
   1.00000000000000     
         366         366  0.800000000000000        1.40000000000000     
   1.00000000000000     
         367         367  0.800000000000000        1.60000000000000     
   1.00000000000000     
         368         368  0.800000000000000        1.80000000000000     
   1.00000000000000     
         369         369  0.200000000000000        2.00000000000000     
   1.20000000000000     
         370         370  0.400000000000000        2.00000000000000     
   1.20000000000000     
         371         371  0.600000000000000        2.00000000000000     
   1.20000000000000     
         372         372  0.800000000000000        2.00000000000000     
   1.20000000000000     
         373         373  0.200000000000000        2.00000000000000     
   1.40000000000000     
         374         374  0.400000000000000        2.00000000000000     
   1.40000000000000     
         375         375  0.600000000000000        2.00000000000000     
   1.40000000000000     
         376         376  0.800000000000000        2.00000000000000     
   1.40000000000000     
         377         377  0.200000000000000        2.00000000000000     
   1.60000000000000     
         378         378  0.400000000000000        2.00000000000000     
   1.60000000000000     
         379         379  0.600000000000000        2.00000000000000     
   1.60000000000000     
         380         380  0.800000000000000        2.00000000000000     
   1.60000000000000     
         381         381  0.200000000000000        2.00000000000000     
   1.80000000000000     
         382         382  0.400000000000000        2.00000000000000     
   1.80000000000000     
         383         383  0.600000000000000        2.00000000000000     
   1.80000000000000     
         384         384  0.800000000000000        2.00000000000000     
   1.80000000000000     
         385         385  0.200000000000000       0.200000000000000     
  0.200000000000000     
         386         386  0.200000000000000       0.200000000000000     
  0.400000000000000     
         387         387  0.200000000000000       0.200000000000000     
  0.600000000000000     
         388         388  0.200000000000000       0.200000000000000     
  0.800000000000000     
         389         389  0.200000000000000       0.400000000000000     
  0.200000000000000     
         390         390  0.200000000000000       0.400000000000000     
  0.400000000000000     
         391         391  0.200000000000000       0.400000000000000     
  0.600000000000000     
         392         392  0.200000000000000       0.400000000000000     
  0.800000000000000     
         393         393  0.200000000000000       0.600000000000000     
  0.200000000000000     
         394         394  0.200000000000000       0.600000000000000     
  0.400000000000000     
         395         395  0.200000000000000       0.600000000000000     
  0.600000000000000     
         396         396  0.200000000000000       0.600000000000000     
  0.800000000000000     
         397         397  0.200000000000000       0.800000000000000     
  0.200000000000000     
         398         398  0.200000000000000       0.800000000000000     
  0.400000000000000     
         399         399  0.200000000000000       0.800000000000000     
  0.600000000000000     
         400         400  0.200000000000000       0.800000000000000     
  0.800000000000000     
         401         401  0.400000000000000       0.200000000000000     
  0.200000000000000     
         402         402  0.400000000000000       0.200000000000000     
  0.400000000000000     
         403         403  0.400000000000000       0.200000000000000     
  0.600000000000000     
         404         404  0.400000000000000       0.200000000000000     
  0.800000000000000     
         405         405  0.400000000000000       0.400000000000000     
  0.200000000000000     
         406         406  0.400000000000000       0.400000000000000     
  0.400000000000000     
         407         407  0.400000000000000       0.400000000000000     
  0.600000000000000     
         408         408  0.400000000000000       0.400000000000000     
  0.800000000000000     
         409         409  0.400000000000000       0.600000000000000     
  0.200000000000000     
         410         410  0.400000000000000       0.600000000000000     
  0.400000000000000     
         411         411  0.400000000000000       0.600000000000000     
  0.600000000000000     
         412         412  0.400000000000000       0.600000000000000     
  0.800000000000000     
         413         413  0.400000000000000       0.800000000000000     
  0.200000000000000     
         414         414  0.400000000000000       0.800000000000000     
  0.400000000000000     
         415         415  0.400000000000000       0.800000000000000     
  0.600000000000000     
         416         416  0.400000000000000       0.800000000000000     
  0.800000000000000     
         417         417  0.600000000000000       0.200000000000000     
  0.200000000000000     
         418         418  0.600000000000000       0.200000000000000     
  0.400000000000000     
         419         419  0.600000000000000       0.200000000000000     
  0.600000000000000     
         420         420  0.600000000000000       0.200000000000000     
  0.800000000000000     
         421         421  0.600000000000000       0.400000000000000     
  0.200000000000000     
         422         422  0.600000000000000       0.400000000000000     
  0.400000000000000     
         423         423  0.600000000000000       0.400000000000000     
  0.600000000000000     
         424         424  0.600000000000000       0.400000000000000     
  0.800000000000000     
         425         425  0.600000000000000       0.600000000000000     
  0.200000000000000     
         426         426  0.600000000000000       0.600000000000000     
  0.400000000000000     
         427         427  0.600000000000000       0.600000000000000     
  0.600000000000000     
         428         428  0.600000000000000       0.600000000000000     
  0.800000000000000     
         429         429  0.600000000000000       0.800000000000000     
  0.200000000000000     
         430         430  0.600000000000000       0.800000000000000     
  0.400000000000000     
         431         431  0.600000000000000       0.800000000000000     
  0.600000000000000     
         432         432  0.600000000000000       0.800000000000000     
  0.800000000000000     
         433         433  0.800000000000000       0.200000000000000     
  0.200000000000000     
         434         434  0.800000000000000       0.200000000000000     
  0.400000000000000     
         435         435  0.800000000000000       0.200000000000000     
  0.600000000000000     
         436         436  0.800000000000000       0.200000000000000     
  0.800000000000000     
         437         437  0.800000000000000       0.400000000000000     
  0.200000000000000     
         438         438  0.800000000000000       0.400000000000000     
  0.400000000000000     
         439         439  0.800000000000000       0.400000000000000     
  0.600000000000000     
         440         440  0.800000000000000       0.400000000000000     
  0.800000000000000     
         441         441  0.800000000000000       0.600000000000000     
  0.200000000000000     
         442         442  0.800000000000000       0.600000000000000     
  0.400000000000000     
         443         443  0.800000000000000       0.600000000000000     
  0.600000000000000     
         444         444  0.800000000000000       0.600000000000000     
  0.800000000000000     
         445         445  0.800000000000000       0.800000000000000     
  0.200000000000000     
         446         446  0.800000000000000       0.800000000000000     
  0.400000000000000     
         447         447  0.800000000000000       0.800000000000000     
  0.600000000000000     
         448         448  0.800000000000000       0.800000000000000     
  0.800000000000000     
         449         449  0.200000000000000       0.200000000000000     
   1.20000000000000     
         450         450  0.200000000000000       0.200000000000000     
   1.40000000000000     
         451         451  0.200000000000000       0.200000000000000     
   1.60000000000000     
         452         452  0.200000000000000       0.200000000000000     
   1.80000000000000     
         453         453  0.200000000000000       0.400000000000000     
   1.20000000000000     
         454         454  0.200000000000000       0.400000000000000     
   1.40000000000000     
         455         455  0.200000000000000       0.400000000000000     
   1.60000000000000     
         456         456  0.200000000000000       0.400000000000000     
   1.80000000000000     
         457         457  0.200000000000000       0.600000000000000     
   1.20000000000000     
         458         458  0.200000000000000       0.600000000000000     
   1.40000000000000     
         459         459  0.200000000000000       0.600000000000000     
   1.60000000000000     
         460         460  0.200000000000000       0.600000000000000     
   1.80000000000000     
         461         461  0.200000000000000       0.800000000000000     
   1.20000000000000     
         462         462  0.200000000000000       0.800000000000000     
   1.40000000000000     
         463         463  0.200000000000000       0.800000000000000     
   1.60000000000000     
         464         464  0.200000000000000       0.800000000000000     
   1.80000000000000     
         465         465  0.400000000000000       0.200000000000000     
   1.20000000000000     
         466         466  0.400000000000000       0.200000000000000     
   1.40000000000000     
         467         467  0.400000000000000       0.200000000000000     
   1.60000000000000     
         468         468  0.400000000000000       0.200000000000000     
   1.80000000000000     
         469         469  0.400000000000000       0.400000000000000     
   1.20000000000000     
         470         470  0.400000000000000       0.400000000000000     
   1.40000000000000     
         471         471  0.400000000000000       0.400000000000000     
   1.60000000000000     
         472         472  0.400000000000000       0.400000000000000     
   1.80000000000000     
         473         473  0.400000000000000       0.600000000000000     
   1.20000000000000     
         474         474  0.400000000000000       0.600000000000000     
   1.40000000000000     
         475         475  0.400000000000000       0.600000000000000     
   1.60000000000000     
         476         476  0.400000000000000       0.600000000000000     
   1.80000000000000     
         477         477  0.400000000000000       0.800000000000000     
   1.20000000000000     
         478         478  0.400000000000000       0.800000000000000     
   1.40000000000000     
         479         479  0.400000000000000       0.800000000000000     
   1.60000000000000     
         480         480  0.400000000000000       0.800000000000000     
   1.80000000000000     
         481         481  0.600000000000000       0.200000000000000     
   1.20000000000000     
         482         482  0.600000000000000       0.200000000000000     
   1.40000000000000     
         483         483  0.600000000000000       0.200000000000000     
   1.60000000000000     
         484         484  0.600000000000000       0.200000000000000     
   1.80000000000000     
         485         485  0.600000000000000       0.400000000000000     
   1.20000000000000     
         486         486  0.600000000000000       0.400000000000000     
   1.40000000000000     
         487         487  0.600000000000000       0.400000000000000     
   1.60000000000000     
         488         488  0.600000000000000       0.400000000000000     
   1.80000000000000     
         489         489  0.600000000000000       0.600000000000000     
   1.20000000000000     
         490         490  0.600000000000000       0.600000000000000     
   1.40000000000000     
         491         491  0.600000000000000       0.600000000000000     
   1.60000000000000     
         492         492  0.600000000000000       0.600000000000000     
   1.80000000000000     
         493         493  0.600000000000000       0.800000000000000     
   1.20000000000000     
         494         494  0.600000000000000       0.800000000000000     
   1.40000000000000     
         495         495  0.600000000000000       0.800000000000000     
   1.60000000000000     
         496         496  0.600000000000000       0.800000000000000     
   1.80000000000000     
         497         497  0.800000000000000       0.200000000000000     
   1.20000000000000     
         498         498  0.800000000000000       0.200000000000000     
   1.40000000000000     
         499         499  0.800000000000000       0.200000000000000     
   1.60000000000000     
         500         500  0.800000000000000       0.200000000000000     
   1.80000000000000     
         501         501  0.800000000000000       0.400000000000000     
   1.20000000000000     
         502         502  0.800000000000000       0.400000000000000     
   1.40000000000000     
         503         503  0.800000000000000       0.400000000000000     
   1.60000000000000     
         504         504  0.800000000000000       0.400000000000000     
   1.80000000000000     
         505         505  0.800000000000000       0.600000000000000     
   1.20000000000000     
         506         506  0.800000000000000       0.600000000000000     
   1.40000000000000     
         507         507  0.800000000000000       0.600000000000000     
   1.60000000000000     
         508         508  0.800000000000000       0.600000000000000     
   1.80000000000000     
         509         509  0.800000000000000       0.800000000000000     
   1.20000000000000     
         510         510  0.800000000000000       0.800000000000000     
   1.40000000000000     
         511         511  0.800000000000000       0.800000000000000     
   1.60000000000000     
         512         512  0.800000000000000       0.800000000000000     
   1.80000000000000     
         513         513  0.200000000000000        1.20000000000000     
   1.20000000000000     
         514         514  0.200000000000000        1.20000000000000     
   1.40000000000000     
         515         515  0.200000000000000        1.20000000000000     
   1.60000000000000     
         516         516  0.200000000000000        1.20000000000000     
   1.80000000000000     
         517         517  0.200000000000000        1.40000000000000     
   1.20000000000000     
         518         518  0.200000000000000        1.40000000000000     
   1.40000000000000     
         519         519  0.200000000000000        1.40000000000000     
   1.60000000000000     
         520         520  0.200000000000000        1.40000000000000     
   1.80000000000000     
         521         521  0.200000000000000        1.60000000000000     
   1.20000000000000     
         522         522  0.200000000000000        1.60000000000000     
   1.40000000000000     
         523         523  0.200000000000000        1.60000000000000     
   1.60000000000000     
         524         524  0.200000000000000        1.60000000000000     
   1.80000000000000     
         525         525  0.200000000000000        1.80000000000000     
   1.20000000000000     
         526         526  0.200000000000000        1.80000000000000     
   1.40000000000000     
         527         527  0.200000000000000        1.80000000000000     
   1.60000000000000     
         528         528  0.200000000000000        1.80000000000000     
   1.80000000000000     
         529         529  0.400000000000000        1.20000000000000     
   1.20000000000000     
         530         530  0.400000000000000        1.20000000000000     
   1.40000000000000     
         531         531  0.400000000000000        1.20000000000000     
   1.60000000000000     
         532         532  0.400000000000000        1.20000000000000     
   1.80000000000000     
         533         533  0.400000000000000        1.40000000000000     
   1.20000000000000     
         534         534  0.400000000000000        1.40000000000000     
   1.40000000000000     
         535         535  0.400000000000000        1.40000000000000     
   1.60000000000000     
         536         536  0.400000000000000        1.40000000000000     
   1.80000000000000     
         537         537  0.400000000000000        1.60000000000000     
   1.20000000000000     
         538         538  0.400000000000000        1.60000000000000     
   1.40000000000000     
         539         539  0.400000000000000        1.60000000000000     
   1.60000000000000     
         540         540  0.400000000000000        1.60000000000000     
   1.80000000000000     
         541         541  0.400000000000000        1.80000000000000     
   1.20000000000000     
         542         542  0.400000000000000        1.80000000000000     
   1.40000000000000     
         543         543  0.400000000000000        1.80000000000000     
   1.60000000000000     
         544         544  0.400000000000000        1.80000000000000     
   1.80000000000000     
         545         545  0.600000000000000        1.20000000000000     
   1.20000000000000     
         546         546  0.600000000000000        1.20000000000000     
   1.40000000000000     
         547         547  0.600000000000000        1.20000000000000     
   1.60000000000000     
         548         548  0.600000000000000        1.20000000000000     
   1.80000000000000     
         549         549  0.600000000000000        1.40000000000000     
   1.20000000000000     
         550         550  0.600000000000000        1.40000000000000     
   1.40000000000000     
         551         551  0.600000000000000        1.40000000000000     
   1.60000000000000     
         552         552  0.600000000000000        1.40000000000000     
   1.80000000000000     
         553         553  0.600000000000000        1.60000000000000     
   1.20000000000000     
         554         554  0.600000000000000        1.60000000000000     
   1.40000000000000     
         555         555  0.600000000000000        1.60000000000000     
   1.60000000000000     
         556         556  0.600000000000000        1.60000000000000     
   1.80000000000000     
         557         557  0.600000000000000        1.80000000000000     
   1.20000000000000     
         558         558  0.600000000000000        1.80000000000000     
   1.40000000000000     
         559         559  0.600000000000000        1.80000000000000     
   1.60000000000000     
         560         560  0.600000000000000        1.80000000000000     
   1.80000000000000     
         561         561  0.800000000000000        1.20000000000000     
   1.20000000000000     
         562         562  0.800000000000000        1.20000000000000     
   1.40000000000000     
         563         563  0.800000000000000        1.20000000000000     
   1.60000000000000     
         564         564  0.800000000000000        1.20000000000000     
   1.80000000000000     
         565         565  0.800000000000000        1.40000000000000     
   1.20000000000000     
         566         566  0.800000000000000        1.40000000000000     
   1.40000000000000     
         567         567  0.800000000000000        1.40000000000000     
   1.60000000000000     
         568         568  0.800000000000000        1.40000000000000     
   1.80000000000000     
         569         569  0.800000000000000        1.60000000000000     
   1.20000000000000     
         570         570  0.800000000000000        1.60000000000000     
   1.40000000000000     
         571         571  0.800000000000000        1.60000000000000     
   1.60000000000000     
         572         572  0.800000000000000        1.60000000000000     
   1.80000000000000     
         573         573  0.800000000000000        1.80000000000000     
   1.20000000000000     
         574         574  0.800000000000000        1.80000000000000     
   1.40000000000000     
         575         575  0.800000000000000        1.80000000000000     
   1.60000000000000     
         576         576  0.800000000000000        1.80000000000000     
   1.80000000000000     
