         343
           1         339  0.000000000000000E+000  0.000000000000000E+000
  0.000000000000000E+000
           2         276   1.00000000000000       0.000000000000000E+000
  0.000000000000000E+000
           3         209   2.00000000000000       0.000000000000000E+000
  0.000000000000000E+000
           4         340  0.000000000000000E+000   1.00000000000000     
  0.000000000000000E+000
           5         279   1.00000000000000        1.00000000000000     
  0.000000000000000E+000
           6         148   2.00000000000000        1.00000000000000     
  0.000000000000000E+000
           7         343  0.000000000000000E+000   2.00000000000000     
  0.000000000000000E+000
           8         286   1.00000000000000        2.00000000000000     
  0.000000000000000E+000
           9         174   2.00000000000000        2.00000000000000     
  0.000000000000000E+000
          10         299  0.000000000000000E+000  0.000000000000000E+000
   1.00000000000000     
          11         162   1.00000000000000       0.000000000000000E+000
   1.00000000000000     
          12          78   2.00000000000000       0.000000000000000E+000
   1.00000000000000     
          13         296  0.000000000000000E+000   1.00000000000000     
   1.00000000000000     
          14         159   1.00000000000000        1.00000000000000     
   1.00000000000000     
          15          28   2.00000000000000        1.00000000000000     
   1.00000000000000     
          16         301  0.000000000000000E+000   2.00000000000000     
   1.00000000000000     
          17         177   1.00000000000000        2.00000000000000     
   1.00000000000000     
          18          93   2.00000000000000        2.00000000000000     
   1.00000000000000     
          19         235  0.000000000000000E+000  0.000000000000000E+000
   2.00000000000000     
          20          76   1.00000000000000       0.000000000000000E+000
   2.00000000000000     
          21          17   2.00000000000000       0.000000000000000E+000
   2.00000000000000     
          22         189  0.000000000000000E+000   1.00000000000000     
   2.00000000000000     
          23          44   1.00000000000000        1.00000000000000     
   2.00000000000000     
          24           5   2.00000000000000        1.00000000000000     
   2.00000000000000     
          25         192  0.000000000000000E+000   2.00000000000000     
   2.00000000000000     
          26          96   1.00000000000000        2.00000000000000     
   2.00000000000000     
          27          87   2.00000000000000        2.00000000000000     
   2.00000000000000     
          28         325  0.333333333333333       0.000000000000000E+000
  0.000000000000000E+000
          29         304  0.666666666666667       0.000000000000000E+000
  0.000000000000000E+000
          30         246   1.00000000000000       0.000000000000000E+000
  0.333333333333333     
          31         207   1.00000000000000       0.000000000000000E+000
  0.666666666666667     
          32         264  0.333333333333333       0.000000000000000E+000
   1.00000000000000     
          33         217  0.666666666666667       0.000000000000000E+000
   1.00000000000000     
          34         330  0.000000000000000E+000  0.000000000000000E+000
  0.333333333333333     
          35         319  0.000000000000000E+000  0.000000000000000E+000
  0.666666666666667     
          36         275   1.00000000000000       0.333333333333333     
  0.000000000000000E+000
          37         274   1.00000000000000       0.666666666666667     
  0.000000000000000E+000
          38         160   1.00000000000000       0.333333333333333     
   1.00000000000000     
          39         158   1.00000000000000       0.666666666666667     
   1.00000000000000     
          40         297  0.000000000000000E+000  0.333333333333333     
   1.00000000000000     
          41         295  0.000000000000000E+000  0.666666666666667     
   1.00000000000000     
          42         338  0.000000000000000E+000  0.333333333333333     
  0.000000000000000E+000
          43         337  0.000000000000000E+000  0.666666666666667     
  0.000000000000000E+000
          44         328  0.333333333333333        1.00000000000000     
  0.000000000000000E+000
          45         307  0.666666666666667        1.00000000000000     
  0.000000000000000E+000
          46         245   1.00000000000000        1.00000000000000     
  0.333333333333333     
          47         206   1.00000000000000        1.00000000000000     
  0.666666666666667     
          48         261  0.333333333333333        1.00000000000000     
   1.00000000000000     
          49         214  0.666666666666667        1.00000000000000     
   1.00000000000000     
          50         329  0.000000000000000E+000   1.00000000000000     
  0.333333333333333     
          51         318  0.000000000000000E+000   1.00000000000000     
  0.666666666666667     
          52         241   1.33333333333333       0.000000000000000E+000
  0.000000000000000E+000
          53         201   1.66666666666667       0.000000000000000E+000
  0.000000000000000E+000
          54         167   2.00000000000000       0.000000000000000E+000
  0.333333333333333     
          55         121   2.00000000000000       0.000000000000000E+000
  0.666666666666667     
          56         115   1.33333333333333       0.000000000000000E+000
   1.00000000000000     
          57          67   1.66666666666667       0.000000000000000E+000
   1.00000000000000     
          58         195   2.00000000000000       0.333333333333333     
  0.000000000000000E+000
          59         144   2.00000000000000       0.666666666666667     
  0.000000000000000E+000
          60          58   2.00000000000000       0.333333333333333     
   1.00000000000000     
          61          24   2.00000000000000       0.666666666666667     
   1.00000000000000     
          62         244   1.33333333333333        1.00000000000000     
  0.000000000000000E+000
          63         198   1.66666666666667        1.00000000000000     
  0.000000000000000E+000
          64         106   2.00000000000000        1.00000000000000     
  0.333333333333333     
          65          59   2.00000000000000        1.00000000000000     
  0.666666666666667     
          66         109   1.33333333333333        1.00000000000000     
   1.00000000000000     
          67          60   1.66666666666667        1.00000000000000     
   1.00000000000000     
          68         155   2.00000000000000        1.33333333333333     
  0.000000000000000E+000
          69         163   2.00000000000000        1.66666666666667     
  0.000000000000000E+000
          70          40   2.00000000000000        1.33333333333333     
   1.00000000000000     
          71          52   2.00000000000000        1.66666666666667     
   1.00000000000000     
          72         161   1.00000000000000        1.33333333333333     
   1.00000000000000     
          73         166   1.00000000000000        1.66666666666667     
   1.00000000000000     
          74         282   1.00000000000000        1.33333333333333     
  0.000000000000000E+000
          75         284   1.00000000000000        1.66666666666667     
  0.000000000000000E+000
          76         257   1.33333333333333        2.00000000000000     
  0.000000000000000E+000
          77         219   1.66666666666667        2.00000000000000     
  0.000000000000000E+000
          78         134   2.00000000000000        2.00000000000000     
  0.333333333333333     
          79          97   2.00000000000000        2.00000000000000     
  0.666666666666667     
          80         136   1.33333333333333        2.00000000000000     
   1.00000000000000     
          81          98   1.66666666666667        2.00000000000000     
   1.00000000000000     
          82         258   1.00000000000000        2.00000000000000     
  0.333333333333333     
          83         221   1.00000000000000        2.00000000000000     
  0.666666666666667     
          84         298  0.000000000000000E+000   1.33333333333333     
   1.00000000000000     
          85         300  0.000000000000000E+000   1.66666666666667     
   1.00000000000000     
          86         341  0.000000000000000E+000   1.33333333333333     
  0.000000000000000E+000
          87         342  0.000000000000000E+000   1.66666666666667     
  0.000000000000000E+000
          88         335  0.333333333333333        2.00000000000000     
  0.000000000000000E+000
          89         314  0.666666666666667        2.00000000000000     
  0.000000000000000E+000
          90         266  0.333333333333333        2.00000000000000     
   1.00000000000000     
          91         222  0.666666666666667        2.00000000000000     
   1.00000000000000     
          92         336  0.000000000000000E+000   2.00000000000000     
  0.333333333333333     
          93         322  0.000000000000000E+000   2.00000000000000     
  0.666666666666667     
          94         119   1.00000000000000       0.000000000000000E+000
   1.33333333333333     
          95          75   1.00000000000000       0.000000000000000E+000
   1.66666666666667     
          96         184  0.333333333333333       0.000000000000000E+000
   2.00000000000000     
          97         131  0.666666666666667       0.000000000000000E+000
   2.00000000000000     
          98         270  0.000000000000000E+000  0.000000000000000E+000
   1.33333333333333     
          99         234  0.000000000000000E+000  0.000000000000000E+000
   1.66666666666667     
         100          73   1.00000000000000       0.333333333333333     
   2.00000000000000     
         101          43   1.00000000000000       0.666666666666667     
   2.00000000000000     
         102         232  0.000000000000000E+000  0.333333333333333     
   2.00000000000000     
         103         188  0.000000000000000E+000  0.666666666666667     
   2.00000000000000     
         104         118   1.00000000000000        1.00000000000000     
   1.33333333333333     
         105          74   1.00000000000000        1.00000000000000     
   1.66666666666667     
         106         140  0.333333333333333        1.00000000000000     
   2.00000000000000     
         107          84  0.666666666666667        1.00000000000000     
   2.00000000000000     
         108         269  0.000000000000000E+000   1.00000000000000     
   1.33333333333333     
         109         233  0.000000000000000E+000   1.00000000000000     
   1.66666666666667     
         110          65   2.00000000000000       0.000000000000000E+000
   1.33333333333333     
         111          34   2.00000000000000       0.000000000000000E+000
   1.66666666666667     
         112          38   1.33333333333333       0.000000000000000E+000
   2.00000000000000     
         113          36   1.66666666666667       0.000000000000000E+000
   2.00000000000000     
         114           4   2.00000000000000       0.333333333333333     
   2.00000000000000     
         115           1   2.00000000000000       0.666666666666667     
   2.00000000000000     
         116          13   2.00000000000000        1.00000000000000     
   1.33333333333333     
         117           6   2.00000000000000        1.00000000000000     
   1.66666666666667     
         118          16   1.33333333333333        1.00000000000000     
   2.00000000000000     
         119           7   1.66666666666667        1.00000000000000     
   2.00000000000000     
         120          18   2.00000000000000        1.33333333333333     
   2.00000000000000     
         121          46   2.00000000000000        1.66666666666667     
   2.00000000000000     
         122          45   1.00000000000000        1.33333333333333     
   2.00000000000000     
         123          55   1.00000000000000        1.66666666666667     
   2.00000000000000     
         124          90   2.00000000000000        2.00000000000000     
   1.33333333333333     
         125          88   2.00000000000000        2.00000000000000     
   1.66666666666667     
         126          92   1.33333333333333        2.00000000000000     
   2.00000000000000     
         127          89   1.66666666666667        2.00000000000000     
   2.00000000000000     
         128         137   1.00000000000000        2.00000000000000     
   1.33333333333333     
         129         100   1.00000000000000        2.00000000000000     
   1.66666666666667     
         130         190  0.000000000000000E+000   1.33333333333333     
   2.00000000000000     
         131         191  0.000000000000000E+000   1.66666666666667     
   2.00000000000000     
         132         143  0.333333333333333        2.00000000000000     
   2.00000000000000     
         133         101  0.666666666666667        2.00000000000000     
   2.00000000000000     
         134         273  0.000000000000000E+000   2.00000000000000     
   1.33333333333333     
         135         238  0.000000000000000E+000   2.00000000000000     
   1.66666666666667     
         136         309  0.333333333333333       0.000000000000000E+000
  0.333333333333333     
         137         281  0.666666666666667       0.000000000000000E+000
  0.333333333333333     
         138         291  0.333333333333333       0.000000000000000E+000
  0.666666666666667     
         139         254  0.666666666666667       0.000000000000000E+000
  0.666666666666667     
         140         243   1.00000000000000       0.333333333333333     
  0.333333333333333     
         141         205   1.00000000000000       0.333333333333333     
  0.666666666666667     
         142         242   1.00000000000000       0.666666666666667     
  0.333333333333333     
         143         204   1.00000000000000       0.666666666666667     
  0.666666666666667     
         144         262  0.333333333333333       0.333333333333333     
   1.00000000000000     
         145         260  0.333333333333333       0.666666666666667     
   1.00000000000000     
         146         215  0.666666666666667       0.333333333333333     
   1.00000000000000     
         147         213  0.666666666666667       0.666666666666667     
   1.00000000000000     
         148         327  0.000000000000000E+000  0.333333333333333     
  0.333333333333333     
         149         317  0.000000000000000E+000  0.333333333333333     
  0.666666666666667     
         150         326  0.000000000000000E+000  0.666666666666667     
  0.333333333333333     
         151         316  0.000000000000000E+000  0.666666666666667     
  0.666666666666667     
         152         324  0.333333333333333       0.333333333333333     
  0.000000000000000E+000
         153         323  0.333333333333333       0.666666666666667     
  0.000000000000000E+000
         154         303  0.666666666666667       0.333333333333333     
  0.000000000000000E+000
         155         302  0.666666666666667       0.666666666666667     
  0.000000000000000E+000
         156         308  0.333333333333333        1.00000000000000     
  0.333333333333333     
         157         280  0.666666666666667        1.00000000000000     
  0.333333333333333     
         158         290  0.333333333333333        1.00000000000000     
  0.666666666666667     
         159         253  0.666666666666667        1.00000000000000     
  0.666666666666667     
         160         200   1.33333333333333       0.000000000000000E+000
  0.333333333333333     
         161         154   1.66666666666667       0.000000000000000E+000
  0.333333333333333     
         162         153   1.33333333333333       0.000000000000000E+000
  0.666666666666667     
         163         114   1.66666666666667       0.000000000000000E+000
  0.666666666666667     
         164         146   2.00000000000000       0.333333333333333     
  0.333333333333333     
         165         104   2.00000000000000       0.333333333333333     
  0.666666666666667     
         166         102   2.00000000000000       0.666666666666667     
  0.333333333333333     
         167          56   2.00000000000000       0.666666666666667     
  0.666666666666667     
         168         110   1.33333333333333       0.333333333333333     
   1.00000000000000     
         169         108   1.33333333333333       0.666666666666667     
   1.00000000000000     
         170          61   1.66666666666667       0.333333333333333     
   1.00000000000000     
         171          57   1.66666666666667       0.666666666666667     
   1.00000000000000     
         172         240   1.33333333333333       0.333333333333333     
  0.000000000000000E+000
         173         239   1.33333333333333       0.666666666666667     
  0.000000000000000E+000
         174         194   1.66666666666667       0.333333333333333     
  0.000000000000000E+000
         175         193   1.66666666666667       0.666666666666667     
  0.000000000000000E+000
         176         199   1.33333333333333        1.00000000000000     
  0.333333333333333     
         177         149   1.66666666666667        1.00000000000000     
  0.333333333333333     
         178         152   1.33333333333333        1.00000000000000     
  0.666666666666667     
         179         107   1.66666666666667        1.00000000000000     
  0.666666666666667     
         180         111   2.00000000000000        1.33333333333333     
  0.333333333333333     
         181          68   2.00000000000000        1.33333333333333     
  0.666666666666667     
         182         122   2.00000000000000        1.66666666666667     
  0.333333333333333     
         183          79   2.00000000000000        1.66666666666667     
  0.666666666666667     
         184         113   1.33333333333333        1.33333333333333     
   1.00000000000000     
         185         124   1.33333333333333        1.66666666666667     
   1.00000000000000     
         186          69   1.66666666666667        1.33333333333333     
   1.00000000000000     
         187          80   1.66666666666667        1.66666666666667     
   1.00000000000000     
         188         248   1.00000000000000        1.33333333333333     
  0.333333333333333     
         189         208   1.00000000000000        1.33333333333333     
  0.666666666666667     
         190         250   1.00000000000000        1.66666666666667     
  0.333333333333333     
         191         212   1.00000000000000        1.66666666666667     
  0.666666666666667     
         192         247   1.33333333333333        1.33333333333333     
  0.000000000000000E+000
         193         249   1.33333333333333        1.66666666666667     
  0.000000000000000E+000
         194         202   1.66666666666667        1.33333333333333     
  0.000000000000000E+000
         195         210   1.66666666666667        1.66666666666667     
  0.000000000000000E+000
         196         220   1.33333333333333        2.00000000000000     
  0.333333333333333     
         197         175   1.66666666666667        2.00000000000000     
  0.333333333333333     
         198         176   1.33333333333333        2.00000000000000     
  0.666666666666667     
         199         135   1.66666666666667        2.00000000000000     
  0.666666666666667     
         200         263  0.333333333333333        1.33333333333333     
   1.00000000000000     
         201         265  0.333333333333333        1.66666666666667     
   1.00000000000000     
         202         216  0.666666666666667        1.33333333333333     
   1.00000000000000     
         203         218  0.666666666666667        1.66666666666667     
   1.00000000000000     
         204         332  0.000000000000000E+000   1.33333333333333     
  0.333333333333333     
         205         320  0.000000000000000E+000   1.33333333333333     
  0.666666666666667     
         206         334  0.000000000000000E+000   1.66666666666667     
  0.333333333333333     
         207         321  0.000000000000000E+000   1.66666666666667     
  0.666666666666667     
         208         331  0.333333333333333        1.33333333333333     
  0.000000000000000E+000
         209         333  0.333333333333333        1.66666666666667     
  0.000000000000000E+000
         210         310  0.666666666666667        1.33333333333333     
  0.000000000000000E+000
         211         312  0.666666666666667        1.66666666666667     
  0.000000000000000E+000
         212         315  0.333333333333333        2.00000000000000     
  0.333333333333333     
         213         287  0.666666666666667        2.00000000000000     
  0.333333333333333     
         214         294  0.333333333333333        2.00000000000000     
  0.666666666666667     
         215         259  0.666666666666667        2.00000000000000     
  0.666666666666667     
         216         226  0.333333333333333       0.000000000000000E+000
   1.33333333333333     
         217         171  0.666666666666667       0.000000000000000E+000
   1.33333333333333     
         218         183  0.333333333333333       0.000000000000000E+000
   1.66666666666667     
         219         130  0.666666666666667       0.000000000000000E+000
   1.66666666666667     
         220         117   1.00000000000000       0.333333333333333     
   1.33333333333333     
         221          72   1.00000000000000       0.333333333333333     
   1.66666666666667     
         222         116   1.00000000000000       0.666666666666667     
   1.33333333333333     
         223          71   1.00000000000000       0.666666666666667     
   1.66666666666667     
         224         181  0.333333333333333       0.333333333333333     
   2.00000000000000     
         225         139  0.333333333333333       0.666666666666667     
   2.00000000000000     
         226         128  0.666666666666667       0.333333333333333     
   2.00000000000000     
         227          83  0.666666666666667       0.666666666666667     
   2.00000000000000     
         228         268  0.000000000000000E+000  0.333333333333333     
   1.33333333333333     
         229         231  0.000000000000000E+000  0.333333333333333     
   1.66666666666667     
         230         267  0.000000000000000E+000  0.666666666666667     
   1.33333333333333     
         231         230  0.000000000000000E+000  0.666666666666667     
   1.66666666666667     
         232         225  0.333333333333333        1.00000000000000     
   1.33333333333333     
         233         170  0.666666666666667        1.00000000000000     
   1.33333333333333     
         234         182  0.333333333333333        1.00000000000000     
   1.66666666666667     
         235         129  0.666666666666667        1.00000000000000     
   1.66666666666667     
         236          66   1.33333333333333       0.000000000000000E+000
   1.33333333333333     
         237          39   1.66666666666667       0.000000000000000E+000
   1.33333333333333     
         238          37   1.33333333333333       0.000000000000000E+000
   1.66666666666667     
         239          35   1.66666666666667       0.000000000000000E+000
   1.66666666666667     
         240          26   2.00000000000000       0.333333333333333     
   1.33333333333333     
         241          10   2.00000000000000       0.333333333333333     
   1.66666666666667     
         242           8   2.00000000000000       0.666666666666667     
   1.33333333333333     
         243           2   2.00000000000000       0.666666666666667     
   1.66666666666667     
         244          32   1.33333333333333       0.333333333333333     
   2.00000000000000     
         245          15   1.33333333333333       0.666666666666667     
   2.00000000000000     
         246          12   1.66666666666667       0.333333333333333     
   2.00000000000000     
         247           3   1.66666666666667       0.666666666666667     
   2.00000000000000     
         248          64   1.33333333333333        1.00000000000000     
   1.33333333333333     
         249          29   1.66666666666667        1.00000000000000     
   1.33333333333333     
         250          33   1.33333333333333        1.00000000000000     
   1.66666666666667     
         251          14   1.66666666666667        1.00000000000000     
   1.66666666666667     
         252          21   2.00000000000000        1.33333333333333     
   1.33333333333333     
         253          19   2.00000000000000        1.33333333333333     
   1.66666666666667     
         254          49   2.00000000000000        1.66666666666667     
   1.33333333333333     
         255          47   2.00000000000000        1.66666666666667     
   1.66666666666667     
         256          23   1.33333333333333        1.33333333333333     
   2.00000000000000     
         257          51   1.33333333333333        1.66666666666667     
   2.00000000000000     
         258          20   1.66666666666667        1.33333333333333     
   2.00000000000000     
         259          48   1.66666666666667        1.66666666666667     
   2.00000000000000     
         260         120   1.00000000000000        1.33333333333333     
   1.33333333333333     
         261          77   1.00000000000000        1.33333333333333     
   1.66666666666667     
         262         125   1.00000000000000        1.66666666666667     
   1.33333333333333     
         263          82   1.00000000000000        1.66666666666667     
   1.66666666666667     
         264          99   1.33333333333333        2.00000000000000     
   1.33333333333333     
         265          94   1.66666666666667        2.00000000000000     
   1.33333333333333     
         266          95   1.33333333333333        2.00000000000000     
   1.66666666666667     
         267          91   1.66666666666667        2.00000000000000     
   1.66666666666667     
         268         141  0.333333333333333        1.33333333333333     
   2.00000000000000     
         269         142  0.333333333333333        1.66666666666667     
   2.00000000000000     
         270          85  0.666666666666667        1.33333333333333     
   2.00000000000000     
         271          86  0.666666666666667        1.66666666666667     
   2.00000000000000     
         272         271  0.000000000000000E+000   1.33333333333333     
   1.33333333333333     
         273         236  0.000000000000000E+000   1.33333333333333     
   1.66666666666667     
         274         272  0.000000000000000E+000   1.66666666666667     
   1.33333333333333     
         275         237  0.000000000000000E+000   1.66666666666667     
   1.66666666666667     
         276         229  0.333333333333333        2.00000000000000     
   1.33333333333333     
         277         178  0.666666666666667        2.00000000000000     
   1.33333333333333     
         278         187  0.333333333333333        2.00000000000000     
   1.66666666666667     
         279         138  0.666666666666667        2.00000000000000     
   1.66666666666667     
         280         306  0.333333333333333       0.333333333333333     
  0.333333333333333     
         281         289  0.333333333333333       0.333333333333333     
  0.666666666666667     
         282         305  0.333333333333333       0.666666666666667     
  0.333333333333333     
         283         288  0.333333333333333       0.666666666666667     
  0.666666666666667     
         284         278  0.666666666666667       0.333333333333333     
  0.333333333333333     
         285         252  0.666666666666667       0.333333333333333     
  0.666666666666667     
         286         277  0.666666666666667       0.666666666666667     
  0.333333333333333     
         287         251  0.666666666666667       0.666666666666667     
  0.666666666666667     
         288         197   1.33333333333333       0.333333333333333     
  0.333333333333333     
         289         151   1.33333333333333       0.333333333333333     
  0.666666666666667     
         290         196   1.33333333333333       0.666666666666667     
  0.333333333333333     
         291         150   1.33333333333333       0.666666666666667     
  0.666666666666667     
         292         147   1.66666666666667       0.333333333333333     
  0.333333333333333     
         293         105   1.66666666666667       0.333333333333333     
  0.666666666666667     
         294         145   1.66666666666667       0.666666666666667     
  0.333333333333333     
         295         103   1.66666666666667       0.666666666666667     
  0.666666666666667     
         296         203   1.33333333333333        1.33333333333333     
  0.333333333333333     
         297         157   1.33333333333333        1.33333333333333     
  0.666666666666667     
         298         211   1.33333333333333        1.66666666666667     
  0.333333333333333     
         299         165   1.33333333333333        1.66666666666667     
  0.666666666666667     
         300         156   1.66666666666667        1.33333333333333     
  0.333333333333333     
         301         112   1.66666666666667        1.33333333333333     
  0.666666666666667     
         302         164   1.66666666666667        1.66666666666667     
  0.333333333333333     
         303         123   1.66666666666667        1.66666666666667     
  0.666666666666667     
         304         311  0.333333333333333        1.33333333333333     
  0.333333333333333     
         305         292  0.333333333333333        1.33333333333333     
  0.666666666666667     
         306         313  0.333333333333333        1.66666666666667     
  0.333333333333333     
         307         293  0.333333333333333        1.66666666666667     
  0.666666666666667     
         308         283  0.666666666666667        1.33333333333333     
  0.333333333333333     
         309         255  0.666666666666667        1.33333333333333     
  0.666666666666667     
         310         285  0.666666666666667        1.66666666666667     
  0.333333333333333     
         311         256  0.666666666666667        1.66666666666667     
  0.666666666666667     
         312         224  0.333333333333333       0.333333333333333     
   1.33333333333333     
         313         180  0.333333333333333       0.333333333333333     
   1.66666666666667     
         314         223  0.333333333333333       0.666666666666667     
   1.33333333333333     
         315         179  0.333333333333333       0.666666666666667     
   1.66666666666667     
         316         169  0.666666666666667       0.333333333333333     
   1.33333333333333     
         317         127  0.666666666666667       0.333333333333333     
   1.66666666666667     
         318         168  0.666666666666667       0.666666666666667     
   1.33333333333333     
         319         126  0.666666666666667       0.666666666666667     
   1.66666666666667     
         320          63   1.33333333333333       0.333333333333333     
   1.33333333333333     
         321          31   1.33333333333333       0.333333333333333     
   1.66666666666667     
         322          62   1.33333333333333       0.666666666666667     
   1.33333333333333     
         323          30   1.33333333333333       0.666666666666667     
   1.66666666666667     
         324          27   1.66666666666667       0.333333333333333     
   1.33333333333333     
         325          11   1.66666666666667       0.333333333333333     
   1.66666666666667     
         326          25   1.66666666666667       0.666666666666667     
   1.33333333333333     
         327           9   1.66666666666667       0.666666666666667     
   1.66666666666667     
         328          70   1.33333333333333        1.33333333333333     
   1.33333333333333     
         329          42   1.33333333333333        1.33333333333333     
   1.66666666666667     
         330          81   1.33333333333333        1.66666666666667     
   1.33333333333333     
         331          54   1.33333333333333        1.66666666666667     
   1.66666666666667     
         332          41   1.66666666666667        1.33333333333333     
   1.33333333333333     
         333          22   1.66666666666667        1.33333333333333     
   1.66666666666667     
         334          53   1.66666666666667        1.66666666666667     
   1.33333333333333     
         335          50   1.66666666666667        1.66666666666667     
   1.66666666666667     
         336         227  0.333333333333333        1.33333333333333     
   1.33333333333333     
         337         185  0.333333333333333        1.33333333333333     
   1.66666666666667     
         338         228  0.333333333333333        1.66666666666667     
   1.33333333333333     
         339         186  0.333333333333333        1.66666666666667     
   1.66666666666667     
         340         172  0.666666666666667        1.33333333333333     
   1.33333333333333     
         341         132  0.666666666666667        1.33333333333333     
   1.66666666666667     
         342         173  0.666666666666667        1.66666666666667     
   1.33333333333333     
         343         133  0.666666666666667        1.66666666666667     
   1.66666666666667     
