         216
           1           1  0.000000000000000E+000  0.000000000000000E+000
  0.000000000000000E+000
           2           2   1.00000000000000       0.000000000000000E+000
  0.000000000000000E+000
           3           3   1.00000000000000       0.000000000000000E+000
   1.00000000000000     
           4           4  0.000000000000000E+000  0.000000000000000E+000
   1.00000000000000     
           5           5  0.000000000000000E+000   1.00000000000000     
  0.000000000000000E+000
           6           6   1.00000000000000        1.00000000000000     
  0.000000000000000E+000
           7           7   1.00000000000000        1.00000000000000     
   1.00000000000000     
           8           8  0.000000000000000E+000   1.00000000000000     
   1.00000000000000     
           9           9  0.200000000000000       0.000000000000000E+000
  0.000000000000000E+000
          10          10  0.400000000000000       0.000000000000000E+000
  0.000000000000000E+000
          11          11  0.600000000000000       0.000000000000000E+000
  0.000000000000000E+000
          12          12  0.800000000000000       0.000000000000000E+000
  0.000000000000000E+000
          13          13   1.00000000000000       0.000000000000000E+000
  0.200000000000000     
          14          14   1.00000000000000       0.000000000000000E+000
  0.400000000000000     
          15          15   1.00000000000000       0.000000000000000E+000
  0.600000000000000     
          16          16   1.00000000000000       0.000000000000000E+000
  0.800000000000000     
          17          17  0.200000000000000       0.000000000000000E+000
   1.00000000000000     
          18          18  0.400000000000000       0.000000000000000E+000
   1.00000000000000     
          19          19  0.600000000000000       0.000000000000000E+000
   1.00000000000000     
          20          20  0.800000000000000       0.000000000000000E+000
   1.00000000000000     
          21          21  0.000000000000000E+000  0.000000000000000E+000
  0.200000000000000     
          22          22  0.000000000000000E+000  0.000000000000000E+000
  0.400000000000000     
          23          23  0.000000000000000E+000  0.000000000000000E+000
  0.600000000000000     
          24          24  0.000000000000000E+000  0.000000000000000E+000
  0.800000000000000     
          25          25   1.00000000000000       0.200000000000000     
  0.000000000000000E+000
          26          26   1.00000000000000       0.400000000000000     
  0.000000000000000E+000
          27          27   1.00000000000000       0.600000000000000     
  0.000000000000000E+000
          28          28   1.00000000000000       0.800000000000000     
  0.000000000000000E+000
          29          29   1.00000000000000       0.200000000000000     
   1.00000000000000     
          30          30   1.00000000000000       0.400000000000000     
   1.00000000000000     
          31          31   1.00000000000000       0.600000000000000     
   1.00000000000000     
          32          32   1.00000000000000       0.800000000000000     
   1.00000000000000     
          33          33  0.000000000000000E+000  0.200000000000000     
   1.00000000000000     
          34          34  0.000000000000000E+000  0.400000000000000     
   1.00000000000000     
          35          35  0.000000000000000E+000  0.600000000000000     
   1.00000000000000     
          36          36  0.000000000000000E+000  0.800000000000000     
   1.00000000000000     
          37          37  0.000000000000000E+000  0.200000000000000     
  0.000000000000000E+000
          38          38  0.000000000000000E+000  0.400000000000000     
  0.000000000000000E+000
          39          39  0.000000000000000E+000  0.600000000000000     
  0.000000000000000E+000
          40          40  0.000000000000000E+000  0.800000000000000     
  0.000000000000000E+000
          41          41  0.200000000000000        1.00000000000000     
  0.000000000000000E+000
          42          42  0.400000000000000        1.00000000000000     
  0.000000000000000E+000
          43          43  0.600000000000000        1.00000000000000     
  0.000000000000000E+000
          44          44  0.800000000000000        1.00000000000000     
  0.000000000000000E+000
          45          45   1.00000000000000        1.00000000000000     
  0.200000000000000     
          46          46   1.00000000000000        1.00000000000000     
  0.400000000000000     
          47          47   1.00000000000000        1.00000000000000     
  0.600000000000000     
          48          48   1.00000000000000        1.00000000000000     
  0.800000000000000     
          49          49  0.200000000000000        1.00000000000000     
   1.00000000000000     
          50          50  0.400000000000000        1.00000000000000     
   1.00000000000000     
          51          51  0.600000000000000        1.00000000000000     
   1.00000000000000     
          52          52  0.800000000000000        1.00000000000000     
   1.00000000000000     
          53          53  0.000000000000000E+000   1.00000000000000     
  0.200000000000000     
          54          54  0.000000000000000E+000   1.00000000000000     
  0.400000000000000     
          55          55  0.000000000000000E+000   1.00000000000000     
  0.600000000000000     
          56          56  0.000000000000000E+000   1.00000000000000     
  0.800000000000000     
          57          57  0.200000000000000       0.000000000000000E+000
  0.200000000000000     
          58          58  0.400000000000000       0.000000000000000E+000
  0.200000000000000     
          59          59  0.600000000000000       0.000000000000000E+000
  0.200000000000000     
          60          60  0.800000000000000       0.000000000000000E+000
  0.200000000000000     
          61          61  0.200000000000000       0.000000000000000E+000
  0.400000000000000     
          62          62  0.400000000000000       0.000000000000000E+000
  0.400000000000000     
          63          63  0.600000000000000       0.000000000000000E+000
  0.400000000000000     
          64          64  0.800000000000000       0.000000000000000E+000
  0.400000000000000     
          65          65  0.200000000000000       0.000000000000000E+000
  0.600000000000000     
          66          66  0.400000000000000       0.000000000000000E+000
  0.600000000000000     
          67          67  0.600000000000000       0.000000000000000E+000
  0.600000000000000     
          68          68  0.800000000000000       0.000000000000000E+000
  0.600000000000000     
          69          69  0.200000000000000       0.000000000000000E+000
  0.800000000000000     
          70          70  0.400000000000000       0.000000000000000E+000
  0.800000000000000     
          71          71  0.600000000000000       0.000000000000000E+000
  0.800000000000000     
          72          72  0.800000000000000       0.000000000000000E+000
  0.800000000000000     
          73          73   1.00000000000000       0.200000000000000     
  0.200000000000000     
          74          74   1.00000000000000       0.200000000000000     
  0.400000000000000     
          75          75   1.00000000000000       0.200000000000000     
  0.600000000000000     
          76          76   1.00000000000000       0.200000000000000     
  0.800000000000000     
          77          77   1.00000000000000       0.400000000000000     
  0.200000000000000     
          78          78   1.00000000000000       0.400000000000000     
  0.400000000000000     
          79          79   1.00000000000000       0.400000000000000     
  0.600000000000000     
          80          80   1.00000000000000       0.400000000000000     
  0.800000000000000     
          81          81   1.00000000000000       0.600000000000000     
  0.200000000000000     
          82          82   1.00000000000000       0.600000000000000     
  0.400000000000000     
          83          83   1.00000000000000       0.600000000000000     
  0.600000000000000     
          84          84   1.00000000000000       0.600000000000000     
  0.800000000000000     
          85          85   1.00000000000000       0.800000000000000     
  0.200000000000000     
          86          86   1.00000000000000       0.800000000000000     
  0.400000000000000     
          87          87   1.00000000000000       0.800000000000000     
  0.600000000000000     
          88          88   1.00000000000000       0.800000000000000     
  0.800000000000000     
          89          89  0.200000000000000       0.200000000000000     
   1.00000000000000     
          90          90  0.200000000000000       0.400000000000000     
   1.00000000000000     
          91          91  0.200000000000000       0.600000000000000     
   1.00000000000000     
          92          92  0.200000000000000       0.800000000000000     
   1.00000000000000     
          93          93  0.400000000000000       0.200000000000000     
   1.00000000000000     
          94          94  0.400000000000000       0.400000000000000     
   1.00000000000000     
          95          95  0.400000000000000       0.600000000000000     
   1.00000000000000     
          96          96  0.400000000000000       0.800000000000000     
   1.00000000000000     
          97          97  0.600000000000000       0.200000000000000     
   1.00000000000000     
          98          98  0.600000000000000       0.400000000000000     
   1.00000000000000     
          99          99  0.600000000000000       0.600000000000000     
   1.00000000000000     
         100         100  0.600000000000000       0.800000000000000     
   1.00000000000000     
         101         101  0.800000000000000       0.200000000000000     
   1.00000000000000     
         102         102  0.800000000000000       0.400000000000000     
   1.00000000000000     
         103         103  0.800000000000000       0.600000000000000     
   1.00000000000000     
         104         104  0.800000000000000       0.800000000000000     
   1.00000000000000     
         105         105  0.000000000000000E+000  0.200000000000000     
  0.200000000000000     
         106         106  0.000000000000000E+000  0.200000000000000     
  0.400000000000000     
         107         107  0.000000000000000E+000  0.200000000000000     
  0.600000000000000     
         108         108  0.000000000000000E+000  0.200000000000000     
  0.800000000000000     
         109         109  0.000000000000000E+000  0.400000000000000     
  0.200000000000000     
         110         110  0.000000000000000E+000  0.400000000000000     
  0.400000000000000     
         111         111  0.000000000000000E+000  0.400000000000000     
  0.600000000000000     
         112         112  0.000000000000000E+000  0.400000000000000     
  0.800000000000000     
         113         113  0.000000000000000E+000  0.600000000000000     
  0.200000000000000     
         114         114  0.000000000000000E+000  0.600000000000000     
  0.400000000000000     
         115         115  0.000000000000000E+000  0.600000000000000     
  0.600000000000000     
         116         116  0.000000000000000E+000  0.600000000000000     
  0.800000000000000     
         117         117  0.000000000000000E+000  0.800000000000000     
  0.200000000000000     
         118         118  0.000000000000000E+000  0.800000000000000     
  0.400000000000000     
         119         119  0.000000000000000E+000  0.800000000000000     
  0.600000000000000     
         120         120  0.000000000000000E+000  0.800000000000000     
  0.800000000000000     
         121         121  0.200000000000000       0.200000000000000     
  0.000000000000000E+000
         122         122  0.200000000000000       0.400000000000000     
  0.000000000000000E+000
         123         123  0.200000000000000       0.600000000000000     
  0.000000000000000E+000
         124         124  0.200000000000000       0.800000000000000     
  0.000000000000000E+000
         125         125  0.400000000000000       0.200000000000000     
  0.000000000000000E+000
         126         126  0.400000000000000       0.400000000000000     
  0.000000000000000E+000
         127         127  0.400000000000000       0.600000000000000     
  0.000000000000000E+000
         128         128  0.400000000000000       0.800000000000000     
  0.000000000000000E+000
         129         129  0.600000000000000       0.200000000000000     
  0.000000000000000E+000
         130         130  0.600000000000000       0.400000000000000     
  0.000000000000000E+000
         131         131  0.600000000000000       0.600000000000000     
  0.000000000000000E+000
         132         132  0.600000000000000       0.800000000000000     
  0.000000000000000E+000
         133         133  0.800000000000000       0.200000000000000     
  0.000000000000000E+000
         134         134  0.800000000000000       0.400000000000000     
  0.000000000000000E+000
         135         135  0.800000000000000       0.600000000000000     
  0.000000000000000E+000
         136         136  0.800000000000000       0.800000000000000     
  0.000000000000000E+000
         137         137  0.200000000000000        1.00000000000000     
  0.200000000000000     
         138         138  0.400000000000000        1.00000000000000     
  0.200000000000000     
         139         139  0.600000000000000        1.00000000000000     
  0.200000000000000     
         140         140  0.800000000000000        1.00000000000000     
  0.200000000000000     
         141         141  0.200000000000000        1.00000000000000     
  0.400000000000000     
         142         142  0.400000000000000        1.00000000000000     
  0.400000000000000     
         143         143  0.600000000000000        1.00000000000000     
  0.400000000000000     
         144         144  0.800000000000000        1.00000000000000     
  0.400000000000000     
         145         145  0.200000000000000        1.00000000000000     
  0.600000000000000     
         146         146  0.400000000000000        1.00000000000000     
  0.600000000000000     
         147         147  0.600000000000000        1.00000000000000     
  0.600000000000000     
         148         148  0.800000000000000        1.00000000000000     
  0.600000000000000     
         149         149  0.200000000000000        1.00000000000000     
  0.800000000000000     
         150         150  0.400000000000000        1.00000000000000     
  0.800000000000000     
         151         151  0.600000000000000        1.00000000000000     
  0.800000000000000     
         152         152  0.800000000000000        1.00000000000000     
  0.800000000000000     
         153         153  0.200000000000000       0.200000000000000     
  0.200000000000000     
         154         154  0.200000000000000       0.200000000000000     
  0.400000000000000     
         155         155  0.200000000000000       0.200000000000000     
  0.600000000000000     
         156         156  0.200000000000000       0.200000000000000     
  0.800000000000000     
         157         157  0.200000000000000       0.400000000000000     
  0.200000000000000     
         158         158  0.200000000000000       0.400000000000000     
  0.400000000000000     
         159         159  0.200000000000000       0.400000000000000     
  0.600000000000000     
         160         160  0.200000000000000       0.400000000000000     
  0.800000000000000     
         161         161  0.200000000000000       0.600000000000000     
  0.200000000000000     
         162         162  0.200000000000000       0.600000000000000     
  0.400000000000000     
         163         163  0.200000000000000       0.600000000000000     
  0.600000000000000     
         164         164  0.200000000000000       0.600000000000000     
  0.800000000000000     
         165         165  0.200000000000000       0.800000000000000     
  0.200000000000000     
         166         166  0.200000000000000       0.800000000000000     
  0.400000000000000     
         167         167  0.200000000000000       0.800000000000000     
  0.600000000000000     
         168         168  0.200000000000000       0.800000000000000     
  0.800000000000000     
         169         169  0.400000000000000       0.200000000000000     
  0.200000000000000     
         170         170  0.400000000000000       0.200000000000000     
  0.400000000000000     
         171         171  0.400000000000000       0.200000000000000     
  0.600000000000000     
         172         172  0.400000000000000       0.200000000000000     
  0.800000000000000     
         173         173  0.400000000000000       0.400000000000000     
  0.200000000000000     
         174         174  0.400000000000000       0.400000000000000     
  0.400000000000000     
         175         175  0.400000000000000       0.400000000000000     
  0.600000000000000     
         176         176  0.400000000000000       0.400000000000000     
  0.800000000000000     
         177         177  0.400000000000000       0.600000000000000     
  0.200000000000000     
         178         178  0.400000000000000       0.600000000000000     
  0.400000000000000     
         179         179  0.400000000000000       0.600000000000000     
  0.600000000000000     
         180         180  0.400000000000000       0.600000000000000     
  0.800000000000000     
         181         181  0.400000000000000       0.800000000000000     
  0.200000000000000     
         182         182  0.400000000000000       0.800000000000000     
  0.400000000000000     
         183         183  0.400000000000000       0.800000000000000     
  0.600000000000000     
         184         184  0.400000000000000       0.800000000000000     
  0.800000000000000     
         185         185  0.600000000000000       0.200000000000000     
  0.200000000000000     
         186         186  0.600000000000000       0.200000000000000     
  0.400000000000000     
         187         187  0.600000000000000       0.200000000000000     
  0.600000000000000     
         188         188  0.600000000000000       0.200000000000000     
  0.800000000000000     
         189         189  0.600000000000000       0.400000000000000     
  0.200000000000000     
         190         190  0.600000000000000       0.400000000000000     
  0.400000000000000     
         191         191  0.600000000000000       0.400000000000000     
  0.600000000000000     
         192         192  0.600000000000000       0.400000000000000     
  0.800000000000000     
         193         193  0.600000000000000       0.600000000000000     
  0.200000000000000     
         194         194  0.600000000000000       0.600000000000000     
  0.400000000000000     
         195         195  0.600000000000000       0.600000000000000     
  0.600000000000000     
         196         196  0.600000000000000       0.600000000000000     
  0.800000000000000     
         197         197  0.600000000000000       0.800000000000000     
  0.200000000000000     
         198         198  0.600000000000000       0.800000000000000     
  0.400000000000000     
         199         199  0.600000000000000       0.800000000000000     
  0.600000000000000     
         200         200  0.600000000000000       0.800000000000000     
  0.800000000000000     
         201         201  0.800000000000000       0.200000000000000     
  0.200000000000000     
         202         202  0.800000000000000       0.200000000000000     
  0.400000000000000     
         203         203  0.800000000000000       0.200000000000000     
  0.600000000000000     
         204         204  0.800000000000000       0.200000000000000     
  0.800000000000000     
         205         205  0.800000000000000       0.400000000000000     
  0.200000000000000     
         206         206  0.800000000000000       0.400000000000000     
  0.400000000000000     
         207         207  0.800000000000000       0.400000000000000     
  0.600000000000000     
         208         208  0.800000000000000       0.400000000000000     
  0.800000000000000     
         209         209  0.800000000000000       0.600000000000000     
  0.200000000000000     
         210         210  0.800000000000000       0.600000000000000     
  0.400000000000000     
         211         211  0.800000000000000       0.600000000000000     
  0.600000000000000     
         212         212  0.800000000000000       0.600000000000000     
  0.800000000000000     
         213         213  0.800000000000000       0.800000000000000     
  0.200000000000000     
         214         214  0.800000000000000       0.800000000000000     
  0.400000000000000     
         215         215  0.800000000000000       0.800000000000000     
  0.600000000000000     
         216         216  0.800000000000000       0.800000000000000     
  0.800000000000000     
