 712
      1         568         0.000000E+00   5.000000E-01 
      2         557         4.315600E-02   4.992340E-01 
      3         545         8.608550E-02   4.970130E-01 
      4         532         1.287890E-01   4.933390E-01 
      5         518         1.712650E-01   4.882110E-01 
      6         503         2.135150E-01   4.816280E-01 
      7         487         2.555390E-01   4.735920E-01 
      8         470         2.973350E-01   4.641020E-01 
      9         452         3.389060E-01   4.531580E-01 
     10         433         3.802500E-01   4.407600E-01 
     11         558         0.000000E+00   4.444440E-01 
     12         546         4.315600E-02   4.437630E-01 
     13         533         8.608550E-02   4.417900E-01 
     14         519         1.287890E-01   4.385240E-01 
     15         504         1.712650E-01   4.339650E-01 
     16         488         2.135150E-01   4.281140E-01 
     17         471         2.555390E-01   4.209710E-01 
     18         453         2.973350E-01   4.125350E-01 
     19         434         3.389060E-01   4.028070E-01 
     20         415         3.802500E-01   3.917870E-01 
     21         547         0.000000E+00   3.888890E-01 
     22         534         4.315600E-02   3.882930E-01 
     23         520         8.608550E-02   3.865660E-01 
     24         505         1.287890E-01   3.837080E-01 
     25         489         1.712650E-01   3.797190E-01 
     26         472         2.135150E-01   3.746000E-01 
     27         454         2.555390E-01   3.683500E-01 
     28         435         2.973350E-01   3.609680E-01 
     29         416         3.389060E-01   3.524560E-01 
     30         397         3.802500E-01   3.428140E-01 
     31         535         0.000000E+00   3.333330E-01 
     32         521         4.315600E-02   3.328220E-01 
     33         506         8.608550E-02   3.313420E-01 
     34         490         1.287890E-01   3.288930E-01 
     35         473         1.712650E-01   3.254740E-01 
     36         455         2.135150E-01   3.210860E-01 
     37         436         2.555390E-01   3.157280E-01 
     38         417         2.973350E-01   3.094020E-01 
     39         398         3.389060E-01   3.021060E-01 
     40         379         3.802500E-01   2.938400E-01 
     41         522         0.000000E+00   2.777780E-01 
     42         507         4.315600E-02   2.773520E-01 
     43         491         8.608550E-02   2.761190E-01 
     44         474         1.287890E-01   2.740770E-01 
     45         456         1.712650E-01   2.712280E-01 
     46         437         2.135150E-01   2.675710E-01 
     47         418         2.555390E-01   2.631070E-01 
     48         399         2.973350E-01   2.578350E-01 
     49         380         3.389060E-01   2.517550E-01 
     50         361         3.802500E-01   2.448670E-01 
     51         508         0.000000E+00   2.222220E-01 
     52         492         4.315600E-02   2.218820E-01 
     53         475         8.608550E-02   2.208950E-01 
     54         457         1.287890E-01   2.192620E-01 
     55         438         1.712650E-01   2.169830E-01 
     56         419         2.135150E-01   2.140570E-01 
     57         400         2.555390E-01   2.104860E-01 
     58         381         2.973350E-01   2.062680E-01 
     59         362         3.389060E-01   2.014040E-01 
     60         343         3.802500E-01   1.958940E-01 
     61         493         0.000000E+00   1.666670E-01 
     62         476         4.315600E-02   1.664110E-01 
     63         458         8.608550E-02   1.656710E-01 
     64         439         1.287890E-01   1.644460E-01 
     65         420         1.712650E-01   1.627370E-01 
     66         401         2.135150E-01   1.605430E-01 
     67         382         2.555390E-01   1.578640E-01 
     68         363         2.973350E-01   1.547010E-01 
     69         344         3.389060E-01   1.510530E-01 
     70         325         3.802500E-01   1.469200E-01 
     71         477         0.000000E+00   1.111110E-01 
     72         459         4.315600E-02   1.109410E-01 
     73         440         8.608550E-02   1.104470E-01 
     74         421         1.287890E-01   1.096310E-01 
     75         402         1.712650E-01   1.084910E-01 
     76         383         2.135150E-01   1.070290E-01 
     77         364         2.555390E-01   1.052430E-01 
     78         345         2.973350E-01   1.031340E-01 
     79         326         3.389060E-01   1.007020E-01 
     80         307         3.802500E-01   9.794670E-02 
     81         460         0.000000E+00   5.555560E-02 
     82         441         4.315600E-02   5.547040E-02 
     83         422         8.608550E-02   5.522370E-02 
     84         403         1.287890E-01   5.481540E-02 
     85         384         1.712650E-01   5.424560E-02 
     86         365         2.135150E-01   5.351430E-02 
     87         346         2.555390E-01   5.262140E-02 
     88         327         2.973350E-01   5.156690E-02 
     89         308         3.389060E-01   5.035090E-02 
     90         289         3.802500E-01   4.897340E-02 
     91         442         0.000000E+00   0.000000E+00 
     92         423         4.315600E-02   0.000000E+00 
     93         404         8.608550E-02   0.000000E+00 
     94         385         1.287890E-01   0.000000E+00 
     95         366         1.712650E-01   0.000000E+00 
     96         347         2.135150E-01   0.000000E+00 
     97         328         2.555390E-01   0.000000E+00 
     98         309         2.973350E-01   0.000000E+00 
     99         290         3.389060E-01   0.000000E+00 
    100         271         3.802500E-01   0.000000E+00 
    101         414         4.211270E-01   4.269020E-01 
    102         395         4.613470E-01   4.117280E-01 
    103         376         5.009090E-01   3.952370E-01 
    104         357         5.398120E-01   3.774310E-01 
    105         338         5.780570E-01   3.583080E-01 
    106         319         6.156450E-01   3.378690E-01 
    107         300         6.525740E-01   3.161140E-01 
    108         281         6.888450E-01   2.930430E-01 
    109         262         7.244580E-01   2.686560E-01 
    110         396         4.262000E-01   3.799370E-01 
    111         377         4.711890E-01   3.669170E-01 
    112         358         5.152160E-01   3.527270E-01 
    113         339         5.582820E-01   3.373670E-01 
    114         320         6.003850E-01   3.208370E-01 
    115         301         6.415270E-01   3.031380E-01 
    116         282         6.817080E-01   2.842680E-01 
    117         263         7.209260E-01   2.642290E-01 
    118         244         7.591830E-01   2.430200E-01 
    119         378         4.311590E-01   3.328540E-01 
    120         359         4.808030E-01   3.218720E-01 
    121         340         5.291820E-01   3.098650E-01 
    122         321         5.762950E-01   2.968350E-01 
    123         302         6.221430E-01   2.827810E-01 
    124         283         6.667250E-01   2.677040E-01 
    125         264         7.100420E-01   2.516030E-01 
    126         245         7.520940E-01   2.344780E-01 
    127         227         7.928800E-01   2.163300E-01 
    128         360         4.360040E-01   2.856550E-01 
    129         341         4.901890E-01   2.765920E-01 
    130         322         5.428050E-01   2.666520E-01 
    131         303         5.938520E-01   2.558350E-01 
    132         284         6.433300E-01   2.441400E-01 
    133         265         6.912380E-01   2.315680E-01 
    134         246         7.375780E-01   2.181180E-01 
    135         228         7.823490E-01   2.037910E-01 
    136         211         8.255510E-01   1.885860E-01 
    137         342         4.407340E-01   2.383390E-01 
    138         323         4.993460E-01   2.310790E-01 
    139         304         5.560850E-01   2.230880E-01 
    140         285         6.109520E-01   2.143660E-01 
    141         266         6.639460E-01   2.049130E-01 
    142         247         7.150670E-01   1.947290E-01 
    143         229         7.643150E-01   1.838140E-01 
    144         212         8.116910E-01   1.721670E-01 
    145         196         8.571940E-01   1.597890E-01 
    146         324         4.453510E-01   1.909050E-01 
    147         305         5.082750E-01   1.853310E-01 
    148         286         5.690230E-01   1.791730E-01 
    149         267         6.275950E-01   1.724300E-01 
    150         248         6.839910E-01   1.651010E-01 
    151         230         7.382100E-01   1.571880E-01 
    152         213         7.902530E-01   1.486900E-01 
    153         197         8.401190E-01   1.396070E-01 
    154         182         8.878100E-01   1.299380E-01 
    155         306         4.498530E-01   1.433540E-01 
    156         287         5.169760E-01   1.393500E-01 
    157         268         5.816190E-01   1.349070E-01 
    158         249         6.437820E-01   1.300250E-01 
    159         231         7.034650E-01   1.247040E-01 
    160         214         7.606690E-01   1.189450E-01 
    161         198         8.153920E-01   1.127470E-01 
    162         183         8.676350E-01   1.061100E-01 
    163         169         9.173980E-01   9.903420E-02 
    164         288         4.542410E-01   9.568660E-02 
    165         269         5.254490E-01   9.313400E-02 
    166         250         5.938720E-01   9.028890E-02 
    167         232         6.595130E-01   8.715130E-02 
    168         215         7.223690E-01   8.372130E-02 
    169         199         7.824420E-01   7.999870E-02 
    170         184         8.397320E-01   7.598380E-02 
    171         170         8.942370E-01   7.167630E-02 
    172         157         9.459590E-01   6.707640E-02 
    173         270         4.585150E-01   4.790180E-02 
    174         251         5.336930E-01   4.668400E-02 
    175         233         6.057830E-01   4.532000E-02 
    176         216         6.747870E-01   4.380980E-02 
    177         200         7.407030E-01   4.215330E-02 
    178         185         8.035310E-01   4.035060E-02 
    179         171         8.632720E-01   3.840160E-02 
    180         158         9.199270E-01   3.630640E-02 
    181         146         9.734930E-01   3.406500E-02 
    182         252         4.626750E-01   0.000000E+00 
    183         234         5.417090E-01   0.000000E+00 
    184         217         6.173520E-01   0.000000E+00 
    185         201         6.896040E-01   0.000000E+00 
    186         186         7.584650E-01   0.000000E+00 
    187         172         8.239350E-01   0.000000E+00 
    188         159         8.860140E-01   0.000000E+00 
    189         147         9.447030E-01   0.000000E+00 
    190         136         1.000000E+00   0.000000E+00 
    191         424         0.000000E+00  -1.111110E-02 
    192         405         4.315600E-02  -1.111110E-02 
    193         386         8.608550E-02  -1.111110E-02 
    194         367         1.287890E-01  -1.111110E-02 
    195         348         1.712650E-01  -1.111110E-02 
    196         329         2.135150E-01  -1.111110E-02 
    197         310         2.555390E-01  -1.111110E-02 
    198         291         2.973350E-01  -1.111110E-02 
    199         272         3.389060E-01  -1.111110E-02 
    200         253         3.802500E-01  -1.111110E-02 
    201         406         0.000000E+00  -2.222220E-02 
    202         387         4.315600E-02  -2.222220E-02 
    203         368         8.608550E-02  -2.222220E-02 
    204         349         1.287890E-01  -2.222220E-02 
    205         330         1.712650E-01  -2.222220E-02 
    206         311         2.135150E-01  -2.222220E-02 
    207         292         2.555390E-01  -2.222220E-02 
    208         273         2.973350E-01  -2.222220E-02 
    209         254         3.389060E-01  -2.222220E-02 
    210         236         3.802500E-01  -2.222220E-02 
    211         388         0.000000E+00  -3.333330E-02 
    212         369         4.315600E-02  -3.333330E-02 
    213         350         8.608550E-02  -3.333330E-02 
    214         331         1.287890E-01  -3.333330E-02 
    215         312         1.712650E-01  -3.333330E-02 
    216         293         2.135150E-01  -3.333330E-02 
    217         274         2.555390E-01  -3.333330E-02 
    218         255         2.973350E-01  -3.333330E-02 
    219         237         3.389060E-01  -3.333330E-02 
    220         220         3.802500E-01  -3.333330E-02 
    221         370         0.000000E+00  -4.444440E-02 
    222         351         4.315600E-02  -4.444440E-02 
    223         332         8.608550E-02  -4.444450E-02 
    224         313         1.287890E-01  -4.444440E-02 
    225         294         1.712650E-01  -4.444450E-02 
    226         275         2.135150E-01  -4.444450E-02 
    227         256         2.555390E-01  -4.444440E-02 
    228         238         2.973350E-01  -4.444450E-02 
    229         221         3.389060E-01  -4.444440E-02 
    230         205         3.802500E-01  -4.444440E-02 
    231         352         0.000000E+00  -5.555560E-02 
    232         333         4.315600E-02  -5.555560E-02 
    233         314         8.608550E-02  -5.555560E-02 
    234         295         1.287890E-01  -5.555560E-02 
    235         276         1.712650E-01  -5.555560E-02 
    236         257         2.135150E-01  -5.555560E-02 
    237         239         2.555390E-01  -5.555560E-02 
    238         222         2.973350E-01  -5.555560E-02 
    239         206         3.389060E-01  -5.555560E-02 
    240         191         3.802500E-01  -5.555560E-02 
    241         334         0.000000E+00  -6.666670E-02 
    242         315         4.315600E-02  -6.666670E-02 
    243         296         8.608550E-02  -6.666670E-02 
    244         277         1.287890E-01  -6.666670E-02 
    245         258         1.712650E-01  -6.666670E-02 
    246         240         2.135150E-01  -6.666670E-02 
    247         223         2.555390E-01  -6.666670E-02 
    248         207         2.973350E-01  -6.666670E-02 
    249         192         3.389060E-01  -6.666670E-02 
    250         178         3.802500E-01  -6.666670E-02 
    251         316         0.000000E+00  -7.777780E-02 
    252         297         4.315600E-02  -7.777780E-02 
    253         278         8.608550E-02  -7.777780E-02 
    254         259         1.287890E-01  -7.777780E-02 
    255         241         1.712650E-01  -7.777780E-02 
    256         224         2.135150E-01  -7.777780E-02 
    257         208         2.555390E-01  -7.777780E-02 
    258         193         2.973350E-01  -7.777780E-02 
    259         179         3.389060E-01  -7.777780E-02 
    260         166         3.802500E-01  -7.777780E-02 
    261         298         0.000000E+00  -8.888890E-02 
    262         279         4.315600E-02  -8.888890E-02 
    263         260         8.608550E-02  -8.888890E-02 
    264         242         1.287890E-01  -8.888890E-02 
    265         225         1.712650E-01  -8.888890E-02 
    266         209         2.135150E-01  -8.888890E-02 
    267         194         2.555390E-01  -8.888890E-02 
    268         180         2.973350E-01  -8.888890E-02 
    269         167         3.389060E-01  -8.888890E-02 
    270         155         3.802500E-01  -8.888890E-02 
    271         280         0.000000E+00  -1.000000E-01 
    272         261         4.315600E-02  -1.000000E-01 
    273         243         8.608550E-02  -1.000000E-01 
    274         226         1.287890E-01  -1.000000E-01 
    275         210         1.712650E-01  -1.000000E-01 
    276         195         2.135150E-01  -1.000000E-01 
    277         181         2.555390E-01  -1.000000E-01 
    278         168         2.973350E-01  -1.000000E-01 
    279         156         3.389060E-01  -1.000000E-01 
    280         145         3.802500E-01  -1.000000E-01 
    281         235         4.626750E-01  -1.111110E-02 
    282         218         5.417090E-01  -1.111110E-02 
    283         202         6.173520E-01  -1.111110E-02 
    284         187         6.896040E-01  -1.111110E-02 
    285         173         7.584650E-01  -1.111110E-02 
    286         160         8.239350E-01  -1.111110E-02 
    287         148         8.860140E-01  -1.111110E-02 
    288         137         9.447030E-01  -1.111110E-02 
    289         127         1.000000E+00  -1.111110E-02 
    290         219         4.626750E-01  -2.222220E-02 
    291         203         5.417090E-01  -2.222220E-02 
    292         188         6.173520E-01  -2.222220E-02 
    293         174         6.896040E-01  -2.222220E-02 
    294         161         7.584650E-01  -2.222220E-02 
    295         149         8.239350E-01  -2.222220E-02 
    296         138         8.860140E-01  -2.222220E-02 
    297         128         9.447030E-01  -2.222220E-02 
    298         118         1.000000E+00  -2.222220E-02 
    299         204         4.626750E-01  -3.333330E-02 
    300         189         5.417090E-01  -3.333330E-02 
    301         175         6.173520E-01  -3.333330E-02 
    302         162         6.896040E-01  -3.333330E-02 
    303         150         7.584650E-01  -3.333330E-02 
    304         139         8.239350E-01  -3.333330E-02 
    305         129         8.860140E-01  -3.333330E-02 
    306         119         9.447030E-01  -3.333330E-02 
    307         109         1.000000E+00  -3.333330E-02 
    308         190         4.626750E-01  -4.444440E-02 
    309         176         5.417090E-01  -4.444450E-02 
    310         163         6.173520E-01  -4.444440E-02 
    311         151         6.896040E-01  -4.444450E-02 
    312         140         7.584650E-01  -4.444450E-02 
    313         130         8.239350E-01  -4.444440E-02 
    314         120         8.860140E-01  -4.444450E-02 
    315         110         9.447030E-01  -4.444440E-02 
    316          98         1.000000E+00  -4.444440E-02 
    317         177         4.626750E-01  -5.555560E-02 
    318         164         5.417090E-01  -5.555560E-02 
    319         152         6.173520E-01  -5.555560E-02 
    320         141         6.896040E-01  -5.555560E-02 
    321         131         7.584650E-01  -5.555560E-02 
    322         121         8.239350E-01  -5.555560E-02 
    323         111         8.860140E-01  -5.555560E-02 
    324         100         9.447030E-01  -5.555560E-02 
    325          84         1.000000E+00  -5.555560E-02 
    326         165         4.626750E-01  -6.666670E-02 
    327         153         5.417090E-01  -6.666670E-02 
    328         142         6.173520E-01  -6.666670E-02 
    329         132         6.896040E-01  -6.666670E-02 
    330         122         7.584650E-01  -6.666670E-02 
    331         112         8.239350E-01  -6.666670E-02 
    332         102         8.860140E-01  -6.666670E-02 
    333          86         9.447030E-01  -6.666670E-02 
    334          71         1.000000E+00  -6.666670E-02 
    335         154         4.626750E-01  -7.777780E-02 
    336         143         5.417090E-01  -7.777780E-02 
    337         133         6.173520E-01  -7.777780E-02 
    338         123         6.896040E-01  -7.777780E-02 
    339         113         7.584650E-01  -7.777780E-02 
    340         103         8.239350E-01  -7.777780E-02 
    341          88         8.860140E-01  -7.777780E-02 
    342          73         9.447030E-01  -7.777780E-02 
    343          59         1.000000E+00  -7.777780E-02 
    344         144         4.626750E-01  -8.888890E-02 
    345         134         5.417090E-01  -8.888890E-02 
    346         124         6.173520E-01  -8.888890E-02 
    347         114         6.896040E-01  -8.888890E-02 
    348         104         7.584650E-01  -8.888890E-02 
    349          89         8.239350E-01  -8.888890E-02 
    350          75         8.860140E-01  -8.888890E-02 
    351          61         9.447030E-01  -8.888890E-02 
    352          43         1.000000E+00  -8.888890E-02 
    353         135         4.626750E-01  -1.000000E-01 
    354         125         5.417090E-01  -1.000000E-01 
    355         115         6.173520E-01  -1.000000E-01 
    356         105         6.896040E-01  -1.000000E-01 
    357          90         7.584650E-01  -1.000000E-01 
    358          76         8.239350E-01  -1.000000E-01 
    359          63         8.860140E-01  -1.000000E-01 
    360          45         9.447030E-01  -1.000000E-01 
    361          30         1.000000E+00  -1.000000E-01 
    362         126         1.055560E+00   0.000000E+00 
    363         116         1.111110E+00   0.000000E+00 
    364         106         1.166670E+00   0.000000E+00 
    365          91         1.222220E+00   0.000000E+00 
    366          93         1.277780E+00   0.000000E+00 
    367          95         1.333330E+00   0.000000E+00 
    368          97         1.388890E+00   0.000000E+00 
    369          99         1.444440E+00   0.000000E+00 
    370         101         1.500000E+00   0.000000E+00 
    371         117         1.055560E+00  -1.111110E-02 
    372         107         1.111110E+00  -1.111110E-02 
    373          92         1.166670E+00  -1.111110E-02 
    374          77         1.222220E+00  -1.111110E-02 
    375          79         1.277780E+00  -1.111110E-02 
    376          81         1.333330E+00  -1.111110E-02 
    377          83         1.388890E+00  -1.111110E-02 
    378          85         1.444440E+00  -1.111110E-02 
    379          87         1.500000E+00  -1.111110E-02 
    380         108         1.055560E+00  -2.222220E-02 
    381          94         1.111110E+00  -2.222220E-02 
    382          78         1.166670E+00  -2.222220E-02 
    383          64         1.222220E+00  -2.222220E-02 
    384          66         1.277780E+00  -2.222220E-02 
    385          68         1.333330E+00  -2.222220E-02 
    386          70         1.388890E+00  -2.222220E-02 
    387          72         1.444440E+00  -2.222220E-02 
    388          74         1.500000E+00  -2.222220E-02 
    389          96         1.055560E+00  -3.333330E-02 
    390          80         1.111110E+00  -3.333330E-02 
    391          65         1.166670E+00  -3.333330E-02 
    392          52         1.222220E+00  -3.333330E-02 
    393          54         1.277780E+00  -3.333330E-02 
    394          56         1.333330E+00  -3.333330E-02 
    395          58         1.388890E+00  -3.333330E-02 
    396          60         1.444440E+00  -3.333330E-02 
    397          62         1.500000E+00  -3.333330E-02 
    398          82         1.055560E+00  -4.444440E-02 
    399          67         1.111110E+00  -4.444450E-02 
    400          53         1.166670E+00  -4.444440E-02 
    401          36         1.222220E+00  -4.444450E-02 
    402          38         1.277780E+00  -4.444450E-02 
    403          40         1.333330E+00  -4.444440E-02 
    404          42         1.388890E+00  -4.444450E-02 
    405          44         1.444450E+00  -4.444440E-02 
    406          51         1.500000E+00  -4.444440E-02 
    407          69         1.055560E+00  -5.555560E-02 
    408          55         1.111110E+00  -5.555560E-02 
    409          37         1.166670E+00  -5.555560E-02 
    410          23         1.222220E+00  -5.555560E-02 
    411          25         1.277780E+00  -5.555560E-02 
    412          27         1.333330E+00  -5.555560E-02 
    413          29         1.388890E+00  -5.555560E-02 
    414          35         1.444440E+00  -5.555560E-02 
    415          50         1.500000E+00  -5.555560E-02 
    416          57         1.055560E+00  -6.666670E-02 
    417          39         1.111110E+00  -6.666670E-02 
    418          24         1.166670E+00  -6.666670E-02 
    419          13         1.222220E+00  -6.666670E-02 
    420          15         1.277780E+00  -6.666670E-02 
    421          17         1.333330E+00  -6.666670E-02 
    422          22         1.388890E+00  -6.666670E-02 
    423          34         1.444440E+00  -6.666670E-02 
    424          49         1.500000E+00  -6.666670E-02 
    425          41         1.055560E+00  -7.777780E-02 
    426          26         1.111110E+00  -7.777780E-02 
    427          14         1.166670E+00  -7.777780E-02 
    428           6         1.222220E+00  -7.777780E-02 
    429           8         1.277780E+00  -7.777780E-02 
    430          12         1.333330E+00  -7.777780E-02 
    431          21         1.388890E+00  -7.777780E-02 
    432          33         1.444440E+00  -7.777780E-02 
    433          48         1.500000E+00  -7.777780E-02 
    434          28         1.055560E+00  -8.888890E-02 
    435          16         1.111110E+00  -8.888890E-02 
    436           7         1.166670E+00  -8.888890E-02 
    437           2         1.222220E+00  -8.888890E-02 
    438           5         1.277780E+00  -8.888890E-02 
    439          11         1.333330E+00  -8.888890E-02 
    440          20         1.388890E+00  -8.888890E-02 
    441          32         1.444440E+00  -8.888890E-02 
    442          47         1.500000E+00  -8.888890E-02 
    443          18         1.055560E+00  -1.000000E-01 
    444           9         1.111110E+00  -1.000000E-01 
    445           3         1.166670E+00  -1.000000E-01 
    446           1         1.222220E+00  -1.000000E-01 
    447           4         1.277780E+00  -1.000000E-01 
    448          10         1.333330E+00  -1.000000E-01 
    449          19         1.388890E+00  -1.000000E-01 
    450          31         1.444440E+00  -1.000000E-01 
    451          46         1.500000E+00  -1.000000E-01 
    452         658        -1.000000E-01   5.000000E-01 
    453         648        -8.888890E-02   5.000000E-01 
    454         638        -7.777780E-02   5.000000E-01 
    455         628        -6.666670E-02   5.000000E-01 
    456         618        -5.555560E-02   5.000000E-01 
    457         608        -4.444440E-02   5.000000E-01 
    458         598        -3.333330E-02   5.000000E-01 
    459         588        -2.222220E-02   5.000000E-01 
    460         578        -1.111110E-02   5.000000E-01 
    461         657        -1.000000E-01   4.444440E-01 
    462         646        -8.888890E-02   4.444440E-01 
    463         635        -7.777780E-02   4.444440E-01 
    464         624        -6.666670E-02   4.444440E-01 
    465         613        -5.555560E-02   4.444440E-01 
    466         602        -4.444440E-02   4.444440E-01 
    467         591        -3.333330E-02   4.444440E-01 
    468         580        -2.222220E-02   4.444440E-01 
    469         569        -1.111110E-02   4.444440E-01 
    470         647        -1.000000E-01   3.888890E-01 
    471         636        -8.888890E-02   3.888890E-01 
    472         625        -7.777780E-02   3.888890E-01 
    473         614        -6.666670E-02   3.888890E-01 
    474         603        -5.555560E-02   3.888890E-01 
    475         592        -4.444450E-02   3.888890E-01 
    476         581        -3.333330E-02   3.888890E-01 
    477         570        -2.222220E-02   3.888890E-01 
    478         559        -1.111110E-02   3.888890E-01 
    479         637        -1.000000E-01   3.333330E-01 
    480         626        -8.888890E-02   3.333330E-01 
    481         615        -7.777780E-02   3.333330E-01 
    482         604        -6.666670E-02   3.333330E-01 
    483         593        -5.555560E-02   3.333330E-01 
    484         582        -4.444440E-02   3.333330E-01 
    485         571        -3.333330E-02   3.333330E-01 
    486         560        -2.222220E-02   3.333330E-01 
    487         548        -1.111110E-02   3.333330E-01 
    488         627        -1.000000E-01   2.777780E-01 
    489         616        -8.888890E-02   2.777780E-01 
    490         605        -7.777780E-02   2.777780E-01 
    491         594        -6.666670E-02   2.777780E-01 
    492         583        -5.555560E-02   2.777780E-01 
    493         572        -4.444450E-02   2.777780E-01 
    494         561        -3.333330E-02   2.777780E-01 
    495         549        -2.222220E-02   2.777780E-01 
    496         536        -1.111110E-02   2.777780E-01 
    497         617        -1.000000E-01   2.222220E-01 
    498         606        -8.888890E-02   2.222220E-01 
    499         595        -7.777780E-02   2.222220E-01 
    500         584        -6.666670E-02   2.222220E-01 
    501         573        -5.555560E-02   2.222220E-01 
    502         562        -4.444450E-02   2.222220E-01 
    503         550        -3.333330E-02   2.222220E-01 
    504         537        -2.222220E-02   2.222220E-01 
    505         523        -1.111110E-02   2.222220E-01 
    506         607        -1.000000E-01   1.666670E-01 
    507         596        -8.888890E-02   1.666670E-01 
    508         585        -7.777780E-02   1.666670E-01 
    509         574        -6.666670E-02   1.666670E-01 
    510         563        -5.555560E-02   1.666670E-01 
    511         551        -4.444440E-02   1.666670E-01 
    512         538        -3.333330E-02   1.666670E-01 
    513         524        -2.222220E-02   1.666670E-01 
    514         509        -1.111110E-02   1.666670E-01 
    515         597        -1.000000E-01   1.111110E-01 
    516         586        -8.888890E-02   1.111110E-01 
    517         575        -7.777780E-02   1.111110E-01 
    518         564        -6.666670E-02   1.111110E-01 
    519         552        -5.555560E-02   1.111110E-01 
    520         539        -4.444450E-02   1.111110E-01 
    521         525        -3.333330E-02   1.111110E-01 
    522         510        -2.222220E-02   1.111110E-01 
    523         494        -1.111110E-02   1.111110E-01 
    524         587        -1.000000E-01   5.555560E-02 
    525         576        -8.888890E-02   5.555560E-02 
    526         565        -7.777780E-02   5.555560E-02 
    527         553        -6.666670E-02   5.555550E-02 
    528         540        -5.555560E-02   5.555560E-02 
    529         526        -4.444440E-02   5.555560E-02 
    530         511        -3.333330E-02   5.555550E-02 
    531         495        -2.222220E-02   5.555560E-02 
    532         478        -1.111110E-02   5.555560E-02 
    533         577        -1.000000E-01   0.000000E+00 
    534         566        -8.888890E-02   0.000000E+00 
    535         554        -7.777780E-02   0.000000E+00 
    536         541        -6.666670E-02   0.000000E+00 
    537         527        -5.555560E-02   0.000000E+00 
    538         512        -4.444440E-02   0.000000E+00 
    539         496        -3.333330E-02   0.000000E+00 
    540         479        -2.222220E-02   0.000000E+00 
    541         461        -1.111110E-02   0.000000E+00 
    542         567        -1.000000E-01  -1.111110E-02 
    543         555        -8.888890E-02  -1.111110E-02 
    544         542        -7.777780E-02  -1.111110E-02 
    545         528        -6.666670E-02  -1.111110E-02 
    546         513        -5.555560E-02  -1.111110E-02 
    547         497        -4.444440E-02  -1.111110E-02 
    548         480        -3.333330E-02  -1.111110E-02 
    549         462        -2.222220E-02  -1.111110E-02 
    550         443        -1.111110E-02  -1.111110E-02 
    551         556        -1.000000E-01  -2.222220E-02 
    552         543        -8.888890E-02  -2.222220E-02 
    553         529        -7.777780E-02  -2.222220E-02 
    554         514        -6.666670E-02  -2.222220E-02 
    555         498        -5.555560E-02  -2.222220E-02 
    556         481        -4.444450E-02  -2.222220E-02 
    557         463        -3.333330E-02  -2.222220E-02 
    558         444        -2.222220E-02  -2.222220E-02 
    559         425        -1.111110E-02  -2.222220E-02 
    560         544        -1.000000E-01  -3.333330E-02 
    561         530        -8.888890E-02  -3.333330E-02 
    562         515        -7.777780E-02  -3.333330E-02 
    563         499        -6.666670E-02  -3.333330E-02 
    564         482        -5.555560E-02  -3.333330E-02 
    565         464        -4.444440E-02  -3.333330E-02 
    566         445        -3.333330E-02  -3.333330E-02 
    567         426        -2.222220E-02  -3.333330E-02 
    568         407        -1.111110E-02  -3.333330E-02 
    569         531        -1.000000E-01  -4.444440E-02 
    570         516        -8.888890E-02  -4.444440E-02 
    571         500        -7.777780E-02  -4.444450E-02 
    572         483        -6.666670E-02  -4.444440E-02 
    573         465        -5.555560E-02  -4.444450E-02 
    574         446        -4.444450E-02  -4.444450E-02 
    575         427        -3.333330E-02  -4.444440E-02 
    576         408        -2.222220E-02  -4.444450E-02 
    577         389        -1.111110E-02  -4.444440E-02 
    578         517        -1.000000E-01  -5.555560E-02 
    579         501        -8.888890E-02  -5.555560E-02 
    580         484        -7.777780E-02  -5.555560E-02 
    581         466        -6.666670E-02  -5.555560E-02 
    582         447        -5.555560E-02  -5.555560E-02 
    583         428        -4.444450E-02  -5.555560E-02 
    584         409        -3.333330E-02  -5.555560E-02 
    585         390        -2.222220E-02  -5.555560E-02 
    586         371        -1.111110E-02  -5.555560E-02 
    587         502        -1.000000E-01  -6.666670E-02 
    588         485        -8.888890E-02  -6.666670E-02 
    589         467        -7.777780E-02  -6.666670E-02 
    590         448        -6.666670E-02  -6.666670E-02 
    591         429        -5.555560E-02  -6.666670E-02 
    592         410        -4.444440E-02  -6.666670E-02 
    593         391        -3.333330E-02  -6.666670E-02 
    594         372        -2.222220E-02  -6.666670E-02 
    595         353        -1.111110E-02  -6.666670E-02 
    596         486        -1.000000E-01  -7.777780E-02 
    597         468        -8.888890E-02  -7.777780E-02 
    598         449        -7.777780E-02  -7.777780E-02 
    599         430        -6.666670E-02  -7.777780E-02 
    600         411        -5.555560E-02  -7.777780E-02 
    601         392        -4.444450E-02  -7.777780E-02 
    602         373        -3.333330E-02  -7.777780E-02 
    603         354        -2.222220E-02  -7.777780E-02 
    604         335        -1.111110E-02  -7.777780E-02 
    605         469        -1.000000E-01  -8.888890E-02 
    606         450        -8.888890E-02  -8.888890E-02 
    607         431        -7.777780E-02  -8.888890E-02 
    608         412        -6.666670E-02  -8.888890E-02 
    609         393        -5.555560E-02  -8.888890E-02 
    610         374        -4.444440E-02  -8.888890E-02 
    611         355        -3.333330E-02  -8.888890E-02 
    612         336        -2.222220E-02  -8.888890E-02 
    613         317        -1.111110E-02  -8.888890E-02 
    614         451        -1.000000E-01  -1.000000E-01 
    615         432        -8.888890E-02  -1.000000E-01 
    616         413        -7.777780E-02  -1.000000E-01 
    617         394        -6.666670E-02  -1.000000E-01 
    618         375        -5.555560E-02  -1.000000E-01 
    619         356        -4.444440E-02  -1.000000E-01 
    620         337        -3.333330E-02  -1.000000E-01 
    621         318        -2.222220E-02  -1.000000E-01 
    622         299        -1.111110E-02  -1.000000E-01 
    623         712        -1.000000E-01   1.000000E+00 
    624         711        -8.888890E-02   1.000000E+00 
    625         709        -7.777780E-02   1.000000E+00 
    626         706        -6.666670E-02   1.000000E+00 
    627         702        -5.555560E-02   1.000000E+00 
    628         697        -4.444440E-02   1.000000E+00 
    629         691        -3.333330E-02   1.000000E+00 
    630         684        -2.222220E-02   1.000000E+00 
    631         676        -1.111110E-02   1.000000E+00 
    632         667         0.000000E+00   1.000000E+00 
    633         710        -1.000000E-01   9.444440E-01 
    634         708        -8.888890E-02   9.444440E-01 
    635         705        -7.777780E-02   9.444440E-01 
    636         701        -6.666670E-02   9.444450E-01 
    637         696        -5.555560E-02   9.444440E-01 
    638         690        -4.444440E-02   9.444450E-01 
    639         683        -3.333330E-02   9.444440E-01 
    640         675        -2.222220E-02   9.444440E-01 
    641         666        -1.111110E-02   9.444440E-01 
    642         656         0.000000E+00   9.444440E-01 
    643         707        -1.000000E-01   8.888890E-01 
    644         704        -8.888890E-02   8.888890E-01 
    645         700        -7.777780E-02   8.888890E-01 
    646         695        -6.666670E-02   8.888890E-01 
    647         689        -5.555560E-02   8.888890E-01 
    648         682        -4.444450E-02   8.888890E-01 
    649         674        -3.333330E-02   8.888890E-01 
    650         665        -2.222220E-02   8.888890E-01 
    651         655        -1.111110E-02   8.888890E-01 
    652         645         0.000000E+00   8.888890E-01 
    653         703        -1.000000E-01   8.333330E-01 
    654         699        -8.888890E-02   8.333330E-01 
    655         694        -7.777780E-02   8.333330E-01 
    656         688        -6.666670E-02   8.333330E-01 
    657         681        -5.555560E-02   8.333330E-01 
    658         673        -4.444440E-02   8.333330E-01 
    659         664        -3.333330E-02   8.333330E-01 
    660         654        -2.222220E-02   8.333330E-01 
    661         644        -1.111110E-02   8.333330E-01 
    662         634         0.000000E+00   8.333330E-01 
    663         698        -1.000000E-01   7.777780E-01 
    664         693        -8.888890E-02   7.777780E-01 
    665         687        -7.777780E-02   7.777780E-01 
    666         680        -6.666670E-02   7.777780E-01 
    667         672        -5.555560E-02   7.777780E-01 
    668         663        -4.444450E-02   7.777780E-01 
    669         653        -3.333330E-02   7.777780E-01 
    670         643        -2.222220E-02   7.777780E-01 
    671         633        -1.111110E-02   7.777780E-01 
    672         623         0.000000E+00   7.777780E-01 
    673         692        -1.000000E-01   7.222220E-01 
    674         686        -8.888890E-02   7.222220E-01 
    675         679        -7.777780E-02   7.222220E-01 
    676         671        -6.666670E-02   7.222220E-01 
    677         662        -5.555560E-02   7.222220E-01 
    678         652        -4.444450E-02   7.222220E-01 
    679         642        -3.333330E-02   7.222220E-01 
    680         632        -2.222220E-02   7.222220E-01 
    681         622        -1.111110E-02   7.222220E-01 
    682         612         0.000000E+00   7.222220E-01 
    683         685        -1.000000E-01   6.666670E-01 
    684         678        -8.888890E-02   6.666670E-01 
    685         670        -7.777780E-02   6.666670E-01 
    686         661        -6.666670E-02   6.666670E-01 
    687         651        -5.555560E-02   6.666670E-01 
    688         641        -4.444440E-02   6.666670E-01 
    689         631        -3.333330E-02   6.666670E-01 
    690         621        -2.222220E-02   6.666670E-01 
    691         611        -1.111110E-02   6.666670E-01 
    692         601         0.000000E+00   6.666670E-01 
    693         677        -1.000000E-01   6.111110E-01 
    694         669        -8.888890E-02   6.111110E-01 
    695         660        -7.777780E-02   6.111110E-01 
    696         650        -6.666670E-02   6.111110E-01 
    697         640        -5.555560E-02   6.111110E-01 
    698         630        -4.444450E-02   6.111110E-01 
    699         620        -3.333330E-02   6.111110E-01 
    700         610        -2.222220E-02   6.111110E-01 
    701         600        -1.111110E-02   6.111110E-01 
    702         590         0.000000E+00   6.111110E-01 
    703         668        -1.000000E-01   5.555560E-01 
    704         659        -8.888890E-02   5.555560E-01 
    705         649        -7.777780E-02   5.555560E-01 
    706         639        -6.666670E-02   5.555560E-01 
    707         629        -5.555560E-02   5.555560E-01 
    708         619        -4.444440E-02   5.555560E-01 
    709         609        -3.333330E-02   5.555560E-01 
    710         599        -2.222220E-02   5.555560E-01 
    711         589        -1.111110E-02   5.555560E-01 
    712         579         0.000000E+00   5.555560E-01 
