         315
           1           1    0.000000E+00    0.000000E+00
           2           2    0.000000E+00    1.071429E-02
           3           3    0.000000E+00    2.142857E-02
           4           4    0.000000E+00    3.214286E-02
           5           5    0.000000E+00    4.285714E-02
           6           6    0.000000E+00    5.357143E-02
           7           7    0.000000E+00    6.428572E-02
           8           8    0.000000E+00    7.500000E-02
           9           9    0.000000E+00    8.571429E-02
          10          10    0.000000E+00    9.642857E-02
          11          11    0.000000E+00    1.071429E-01
          12          12    0.000000E+00    1.178571E-01
          13          13    0.000000E+00    1.285714E-01
          14          14    0.000000E+00    1.392857E-01
          15          15    0.000000E+00    1.500000E-01
          16          16    1.000000E-02    0.000000E+00
          17          17    1.000000E-02    1.071429E-02
          18          18    1.000000E-02    2.142857E-02
          19          19    1.000000E-02    3.214286E-02
          20          20    1.000000E-02    4.285714E-02
          21          21    1.000000E-02    5.357143E-02
          22          22    1.000000E-02    6.428572E-02
          23          23    1.000000E-02    7.500000E-02
          24          24    1.000000E-02    8.571429E-02
          25          25    1.000000E-02    9.642857E-02
          26          26    1.000000E-02    1.071429E-01
          27          27    1.000000E-02    1.178571E-01
          28          28    1.000000E-02    1.285714E-01
          29          29    1.000000E-02    1.392857E-01
          30          30    1.000000E-02    1.500000E-01
          31          31    2.000000E-02    0.000000E+00
          32          32    2.000000E-02    1.071429E-02
          33          33    2.000000E-02    2.142857E-02
          34          34    2.000000E-02    3.214286E-02
          35          35    2.000000E-02    4.285714E-02
          36          36    2.000000E-02    5.357143E-02
          37          37    2.000000E-02    6.428572E-02
          38          38    2.000000E-02    7.500000E-02
          39          39    2.000000E-02    8.571429E-02
          40          40    2.000000E-02    9.642857E-02
          41          41    2.000000E-02    1.071429E-01
          42          42    2.000000E-02    1.178571E-01
          43          43    2.000000E-02    1.285714E-01
          44          44    2.000000E-02    1.392857E-01
          45          45    2.000000E-02    1.500000E-01
          46          46    3.000000E-02    0.000000E+00
          47          47    3.000000E-02    1.071429E-02
          48          48    3.000000E-02    2.142857E-02
          49          49    3.000000E-02    3.214286E-02
          50          50    3.000000E-02    4.285714E-02
          51          51    3.000000E-02    5.357143E-02
          52          52    3.000000E-02    6.428572E-02
          53          53    3.000000E-02    7.500000E-02
          54          54    3.000000E-02    8.571429E-02
          55          55    3.000000E-02    9.642857E-02
          56          56    3.000000E-02    1.071429E-01
          57          57    3.000000E-02    1.178571E-01
          58          58    3.000000E-02    1.285714E-01
          59          59    3.000000E-02    1.392857E-01
          60          60    3.000000E-02    1.500000E-01
          61          61    4.000000E-02    0.000000E+00
          62          62    4.000000E-02    1.071429E-02
          63          63    4.000000E-02    2.142857E-02
          64          64    4.000000E-02    3.214286E-02
          65          65    4.000000E-02    4.285714E-02
          66          66    4.000000E-02    5.357143E-02
          67          67    4.000000E-02    6.428572E-02
          68          68    4.000000E-02    7.500000E-02
          69          69    4.000000E-02    8.571429E-02
          70          70    4.000000E-02    9.642857E-02
          71          71    4.000000E-02    1.071429E-01
          72          72    4.000000E-02    1.178571E-01
          73          73    4.000000E-02    1.285714E-01
          74          74    4.000000E-02    1.392857E-01
          75          75    4.000000E-02    1.500000E-01
          76          76    5.000000E-02    0.000000E+00
          77          77    5.000000E-02    1.071429E-02
          78          78    5.000000E-02    2.142857E-02
          79          79    5.000000E-02    3.214286E-02
          80          80    5.000000E-02    4.285714E-02
          81          81    5.000000E-02    5.357143E-02
          82          82    5.000000E-02    6.428572E-02
          83          83    5.000000E-02    7.500000E-02
          84          84    5.000000E-02    8.571429E-02
          85          85    5.000000E-02    9.642857E-02
          86          86    5.000000E-02    1.071429E-01
          87          87    5.000000E-02    1.178571E-01
          88          88    5.000000E-02    1.285714E-01
          89          89    5.000000E-02    1.392857E-01
          90          90    5.000000E-02    1.500000E-01
          91          91    6.000000E-02    0.000000E+00
          92          92    6.000000E-02    1.071429E-02
          93          93    6.000000E-02    2.142857E-02
          94          94    6.000000E-02    3.214286E-02
          95          95    6.000000E-02    4.285714E-02
          96          96    6.000000E-02    5.357143E-02
          97          97    6.000000E-02    6.428572E-02
          98          98    6.000000E-02    7.500000E-02
          99          99    6.000000E-02    8.571429E-02
         100         100    6.000000E-02    9.642857E-02
         101         101    6.000000E-02    1.071429E-01
         102         102    6.000000E-02    1.178571E-01
         103         103    6.000000E-02    1.285714E-01
         104         104    6.000000E-02    1.392857E-01
         105         105    6.000000E-02    1.500000E-01
         106         106    7.000000E-02    0.000000E+00
         107         107    7.000000E-02    1.071429E-02
         108         108    7.000000E-02    2.142857E-02
         109         109    7.000000E-02    3.214286E-02
         110         110    7.000000E-02    4.285714E-02
         111         111    7.000000E-02    5.357143E-02
         112         112    7.000000E-02    6.428572E-02
         113         113    7.000000E-02    7.500000E-02
         114         114    7.000000E-02    8.571429E-02
         115         115    7.000000E-02    9.642857E-02
         116         116    7.000000E-02    1.071429E-01
         117         117    7.000000E-02    1.178571E-01
         118         118    7.000000E-02    1.285714E-01
         119         119    7.000000E-02    1.392857E-01
         120         120    7.000000E-02    1.500000E-01
         121         121    8.000000E-02    0.000000E+00
         122         122    8.000000E-02    1.071429E-02
         123         123    8.000000E-02    2.142857E-02
         124         124    8.000000E-02    3.214286E-02
         125         125    8.000000E-02    4.285714E-02
         126         126    8.000000E-02    5.357143E-02
         127         127    8.000000E-02    6.428572E-02
         128         128    8.000000E-02    7.500000E-02
         129         129    8.000000E-02    8.571429E-02
         130         130    8.000000E-02    9.642857E-02
         131         131    8.000000E-02    1.071429E-01
         132         132    8.000000E-02    1.178571E-01
         133         133    8.000000E-02    1.285714E-01
         134         134    8.000000E-02    1.392857E-01
         135         135    8.000000E-02    1.500000E-01
         136         136    9.000000E-02    0.000000E+00
         137         137    9.000000E-02    1.071429E-02
         138         138    9.000000E-02    2.142857E-02
         139         139    9.000000E-02    3.214286E-02
         140         140    9.000000E-02    4.285714E-02
         141         141    9.000000E-02    5.357143E-02
         142         142    9.000000E-02    6.428572E-02
         143         143    9.000000E-02    7.500000E-02
         144         144    9.000000E-02    8.571429E-02
         145         145    9.000000E-02    9.642857E-02
         146         146    9.000000E-02    1.071429E-01
         147         147    9.000000E-02    1.178571E-01
         148         148    9.000000E-02    1.285714E-01
         149         149    9.000000E-02    1.392857E-01
         150         150    9.000000E-02    1.500000E-01
         151         151    1.000000E-01    0.000000E+00
         152         152    1.000000E-01    1.071429E-02
         153         153    1.000000E-01    2.142857E-02
         154         154    1.000000E-01    3.214286E-02
         155         155    1.000000E-01    4.285714E-02
         156         156    1.000000E-01    5.357143E-02
         157         157    1.000000E-01    6.428572E-02
         158         158    1.000000E-01    7.500000E-02
         159         159    1.000000E-01    8.571429E-02
         160         160    1.000000E-01    9.642857E-02
         161         161    1.000000E-01    1.071429E-01
         162         162    1.000000E-01    1.178571E-01
         163         163    1.000000E-01    1.285714E-01
         164         164    1.000000E-01    1.392857E-01
         165         165    1.000000E-01    1.500000E-01
         166         166    1.100000E-01    0.000000E+00
         167         167    1.100000E-01    1.071429E-02
         168         168    1.100000E-01    2.142857E-02
         169         169    1.100000E-01    3.214286E-02
         170         170    1.100000E-01    4.285714E-02
         171         171    1.100000E-01    5.357143E-02
         172         172    1.100000E-01    6.428572E-02
         173         173    1.100000E-01    7.500000E-02
         174         174    1.100000E-01    8.571429E-02
         175         175    1.100000E-01    9.642857E-02
         176         176    1.100000E-01    1.071429E-01
         177         177    1.100000E-01    1.178571E-01
         178         178    1.100000E-01    1.285714E-01
         179         179    1.100000E-01    1.392857E-01
         180         180    1.100000E-01    1.500000E-01
         181         181    1.200000E-01    0.000000E+00
         182         182    1.200000E-01    1.071429E-02
         183         183    1.200000E-01    2.142857E-02
         184         184    1.200000E-01    3.214286E-02
         185         185    1.200000E-01    4.285714E-02
         186         186    1.200000E-01    5.357143E-02
         187         187    1.200000E-01    6.428572E-02
         188         188    1.200000E-01    7.500000E-02
         189         189    1.200000E-01    8.571429E-02
         190         190    1.200000E-01    9.642857E-02
         191         191    1.200000E-01    1.071429E-01
         192         192    1.200000E-01    1.178571E-01
         193         193    1.200000E-01    1.285714E-01
         194         194    1.200000E-01    1.392857E-01
         195         195    1.200000E-01    1.500000E-01
         196         196    1.300000E-01    0.000000E+00
         197         197    1.300000E-01    1.071429E-02
         198         198    1.300000E-01    2.142857E-02
         199         199    1.300000E-01    3.214286E-02
         200         200    1.300000E-01    4.285714E-02
         201         201    1.300000E-01    5.357143E-02
         202         202    1.300000E-01    6.428572E-02
         203         203    1.300000E-01    7.500000E-02
         204         204    1.300000E-01    8.571429E-02
         205         205    1.300000E-01    9.642857E-02
         206         206    1.300000E-01    1.071429E-01
         207         207    1.300000E-01    1.178571E-01
         208         208    1.300000E-01    1.285714E-01
         209         209    1.300000E-01    1.392857E-01
         210         210    1.300000E-01    1.500000E-01
         211         211    1.400000E-01    0.000000E+00
         212         212    1.400000E-01    1.071429E-02
         213         213    1.400000E-01    2.142857E-02
         214         214    1.400000E-01    3.214286E-02
         215         215    1.400000E-01    4.285714E-02
         216         216    1.400000E-01    5.357143E-02
         217         217    1.400000E-01    6.428572E-02
         218         218    1.400000E-01    7.500000E-02
         219         219    1.400000E-01    8.571429E-02
         220         220    1.400000E-01    9.642857E-02
         221         221    1.400000E-01    1.071429E-01
         222         222    1.400000E-01    1.178571E-01
         223         223    1.400000E-01    1.285714E-01
         224         224    1.400000E-01    1.392857E-01
         225         225    1.400000E-01    1.500000E-01
         226         226    1.500000E-01    0.000000E+00
         227         227    1.500000E-01    1.071429E-02
         228         228    1.500000E-01    2.142857E-02
         229         229    1.500000E-01    3.214286E-02
         230         230    1.500000E-01    4.285714E-02
         231         231    1.500000E-01    5.357143E-02
         232         232    1.500000E-01    6.428572E-02
         233         233    1.500000E-01    7.500000E-02
         234         234    1.500000E-01    8.571429E-02
         235         235    1.500000E-01    9.642857E-02
         236         236    1.500000E-01    1.071429E-01
         237         237    1.500000E-01    1.178571E-01
         238         238    1.500000E-01    1.285714E-01
         239         239    1.500000E-01    1.392857E-01
         240         240    1.500000E-01    1.500000E-01
         241         241    1.600000E-01    0.000000E+00
         242         242    1.600000E-01    1.071429E-02
         243         243    1.600000E-01    2.142857E-02
         244         244    1.600000E-01    3.214286E-02
         245         245    1.600000E-01    4.285714E-02
         246         246    1.600000E-01    5.357143E-02
         247         247    1.600000E-01    6.428572E-02
         248         248    1.600000E-01    7.500000E-02
         249         249    1.600000E-01    8.571429E-02
         250         250    1.600000E-01    9.642857E-02
         251         251    1.600000E-01    1.071429E-01
         252         252    1.600000E-01    1.178571E-01
         253         253    1.600000E-01    1.285714E-01
         254         254    1.600000E-01    1.392857E-01
         255         255    1.600000E-01    1.500000E-01
         256         256    1.700000E-01    0.000000E+00
         257         257    1.700000E-01    1.071429E-02
         258         258    1.700000E-01    2.142857E-02
         259         259    1.700000E-01    3.214286E-02
         260         260    1.700000E-01    4.285714E-02
         261         261    1.700000E-01    5.357143E-02
         262         262    1.700000E-01    6.428572E-02
         263         263    1.700000E-01    7.500000E-02
         264         264    1.700000E-01    8.571429E-02
         265         265    1.700000E-01    9.642857E-02
         266         266    1.700000E-01    1.071429E-01
         267         267    1.700000E-01    1.178571E-01
         268         268    1.700000E-01    1.285714E-01
         269         269    1.700000E-01    1.392857E-01
         270         270    1.700000E-01    1.500000E-01
         271         271    1.800000E-01    0.000000E+00
         272         272    1.800000E-01    1.071429E-02
         273         273    1.800000E-01    2.142857E-02
         274         274    1.800000E-01    3.214286E-02
         275         275    1.800000E-01    4.285714E-02
         276         276    1.800000E-01    5.357143E-02
         277         277    1.800000E-01    6.428572E-02
         278         278    1.800000E-01    7.500000E-02
         279         279    1.800000E-01    8.571429E-02
         280         280    1.800000E-01    9.642857E-02
         281         281    1.800000E-01    1.071429E-01
         282         282    1.800000E-01    1.178571E-01
         283         283    1.800000E-01    1.285714E-01
         284         284    1.800000E-01    1.392857E-01
         285         285    1.800000E-01    1.500000E-01
         286         286    1.900000E-01    0.000000E+00
         287         287    1.900000E-01    1.071429E-02
         288         288    1.900000E-01    2.142857E-02
         289         289    1.900000E-01    3.214286E-02
         290         290    1.900000E-01    4.285714E-02
         291         291    1.900000E-01    5.357143E-02
         292         292    1.900000E-01    6.428572E-02
         293         293    1.900000E-01    7.500000E-02
         294         294    1.900000E-01    8.571429E-02
         295         295    1.900000E-01    9.642857E-02
         296         296    1.900000E-01    1.071429E-01
         297         297    1.900000E-01    1.178571E-01
         298         298    1.900000E-01    1.285714E-01
         299         299    1.900000E-01    1.392857E-01
         300         300    1.900000E-01    1.500000E-01
         301         301    2.000000E-01    0.000000E+00
         302         302    2.000000E-01    1.071429E-02
         303         303    2.000000E-01    2.142857E-02
         304         304    2.000000E-01    3.214286E-02
         305         305    2.000000E-01    4.285714E-02
         306         306    2.000000E-01    5.357143E-02
         307         307    2.000000E-01    6.428572E-02
         308         308    2.000000E-01    7.500000E-02
         309         309    2.000000E-01    8.571429E-02
         310         310    2.000000E-01    9.642857E-02
         311         311    2.000000E-01    1.071429E-01
         312         312    2.000000E-01    1.178571E-01
         313         313    2.000000E-01    1.285714E-01
         314         314    2.000000E-01    1.392857E-01
         315         315    2.000000E-01    1.500000E-01

