         560         315          16
     1   17    2   16   0.100000E-01   0.107143E-01   0.000000E+00   0.107143E-01   0.100000E-01   0.000000E+00         1
     2    1   16    2   0.000000E+00   0.000000E+00   0.100000E-01   0.000000E+00   0.000000E+00   0.107143E-01         1
     3   18    3   17   0.100000E-01   0.214286E-01   0.000000E+00   0.214286E-01   0.100000E-01   0.107143E-01         1
     4    2   17    3   0.000000E+00   0.107143E-01   0.100000E-01   0.107143E-01   0.000000E+00   0.214286E-01         1
     5   19    4   18   0.100000E-01   0.321429E-01   0.000000E+00   0.321429E-01   0.100000E-01   0.214286E-01         1
     6    3   18    4   0.000000E+00   0.214286E-01   0.100000E-01   0.214286E-01   0.000000E+00   0.321429E-01         1
     7   20    5   19   0.100000E-01   0.428571E-01   0.000000E+00   0.428571E-01   0.100000E-01   0.321429E-01         1
     8    4   19    5   0.000000E+00   0.321429E-01   0.100000E-01   0.321429E-01   0.000000E+00   0.428571E-01         1
     9   21    6   20   0.100000E-01   0.535714E-01   0.000000E+00   0.535714E-01   0.100000E-01   0.428571E-01         1
    10    5   20    6   0.000000E+00   0.428571E-01   0.100000E-01   0.428571E-01   0.000000E+00   0.535714E-01         1
    11   22    7   21   0.100000E-01   0.642857E-01   0.000000E+00   0.642857E-01   0.100000E-01   0.535714E-01         1
    12    6   21    7   0.000000E+00   0.535714E-01   0.100000E-01   0.535714E-01   0.000000E+00   0.642857E-01         1
    13   23    8   22   0.100000E-01   0.750000E-01   0.000000E+00   0.750000E-01   0.100000E-01   0.642857E-01         1
    14    7   22    8   0.000000E+00   0.642857E-01   0.100000E-01   0.642857E-01   0.000000E+00   0.750000E-01         1
    15   24    9   23   0.100000E-01   0.857143E-01   0.000000E+00   0.857143E-01   0.100000E-01   0.750000E-01         1
    16    8   23    9   0.000000E+00   0.750000E-01   0.100000E-01   0.750000E-01   0.000000E+00   0.857143E-01         1
    17   25   10   24   0.100000E-01   0.964286E-01   0.000000E+00   0.964286E-01   0.100000E-01   0.857143E-01         1
    18    9   24   10   0.000000E+00   0.857143E-01   0.100000E-01   0.857143E-01   0.000000E+00   0.964286E-01         1
    19   26   11   25   0.100000E-01   0.107143E+00   0.000000E+00   0.107143E+00   0.100000E-01   0.964286E-01         1
    20   10   25   11   0.000000E+00   0.964286E-01   0.100000E-01   0.964286E-01   0.000000E+00   0.107143E+00         1
    21   27   12   26   0.100000E-01   0.117857E+00   0.000000E+00   0.117857E+00   0.100000E-01   0.107143E+00         1
    22   11   26   12   0.000000E+00   0.107143E+00   0.100000E-01   0.107143E+00   0.000000E+00   0.117857E+00         1
    23   28   13   27   0.100000E-01   0.128571E+00   0.000000E+00   0.128571E+00   0.100000E-01   0.117857E+00         1
    24   12   27   13   0.000000E+00   0.117857E+00   0.100000E-01   0.117857E+00   0.000000E+00   0.128571E+00         1
    25   29   14   28   0.100000E-01   0.139286E+00   0.000000E+00   0.139286E+00   0.100000E-01   0.128571E+00         1
    26   13   28   14   0.000000E+00   0.128571E+00   0.100000E-01   0.128571E+00   0.000000E+00   0.139286E+00         1
    27   30   15   29   0.100000E-01   0.150000E+00   0.000000E+00   0.150000E+00   0.100000E-01   0.139286E+00         1
    28   14   29   15   0.000000E+00   0.139286E+00   0.100000E-01   0.139286E+00   0.000000E+00   0.150000E+00         1
    29   32   17   31   0.200000E-01   0.107143E-01   0.100000E-01   0.107143E-01   0.200000E-01   0.000000E+00         1
    30   16   31   17   0.100000E-01   0.000000E+00   0.200000E-01   0.000000E+00   0.100000E-01   0.107143E-01         1
    31   33   18   32   0.200000E-01   0.214286E-01   0.100000E-01   0.214286E-01   0.200000E-01   0.107143E-01         1
    32   17   32   18   0.100000E-01   0.107143E-01   0.200000E-01   0.107143E-01   0.100000E-01   0.214286E-01         1
    33   34   19   33   0.200000E-01   0.321429E-01   0.100000E-01   0.321429E-01   0.200000E-01   0.214286E-01         1
    34   18   33   19   0.100000E-01   0.214286E-01   0.200000E-01   0.214286E-01   0.100000E-01   0.321429E-01         1
    35   35   20   34   0.200000E-01   0.428571E-01   0.100000E-01   0.428571E-01   0.200000E-01   0.321429E-01         1
    36   19   34   20   0.100000E-01   0.321429E-01   0.200000E-01   0.321429E-01   0.100000E-01   0.428571E-01         1
    37   36   21   35   0.200000E-01   0.535714E-01   0.100000E-01   0.535714E-01   0.200000E-01   0.428571E-01         1
    38   20   35   21   0.100000E-01   0.428571E-01   0.200000E-01   0.428571E-01   0.100000E-01   0.535714E-01         1
    39   37   22   36   0.200000E-01   0.642857E-01   0.100000E-01   0.642857E-01   0.200000E-01   0.535714E-01         1
    40   21   36   22   0.100000E-01   0.535714E-01   0.200000E-01   0.535714E-01   0.100000E-01   0.642857E-01         1
    41   38   23   37   0.200000E-01   0.750000E-01   0.100000E-01   0.750000E-01   0.200000E-01   0.642857E-01         1
    42   22   37   23   0.100000E-01   0.642857E-01   0.200000E-01   0.642857E-01   0.100000E-01   0.750000E-01         1
    43   39   24   38   0.200000E-01   0.857143E-01   0.100000E-01   0.857143E-01   0.200000E-01   0.750000E-01         1
    44   23   38   24   0.100000E-01   0.750000E-01   0.200000E-01   0.750000E-01   0.100000E-01   0.857143E-01         1
    45   40   25   39   0.200000E-01   0.964286E-01   0.100000E-01   0.964286E-01   0.200000E-01   0.857143E-01         1
    46   24   39   25   0.100000E-01   0.857143E-01   0.200000E-01   0.857143E-01   0.100000E-01   0.964286E-01         1
    47   41   26   40   0.200000E-01   0.107143E+00   0.100000E-01   0.107143E+00   0.200000E-01   0.964286E-01         1
    48   25   40   26   0.100000E-01   0.964286E-01   0.200000E-01   0.964286E-01   0.100000E-01   0.107143E+00         1
    49   42   27   41   0.200000E-01   0.117857E+00   0.100000E-01   0.117857E+00   0.200000E-01   0.107143E+00         1
    50   26   41   27   0.100000E-01   0.107143E+00   0.200000E-01   0.107143E+00   0.100000E-01   0.117857E+00         1
    51   43   28   42   0.200000E-01   0.128571E+00   0.100000E-01   0.128571E+00   0.200000E-01   0.117857E+00         1
    52   27   42   28   0.100000E-01   0.117857E+00   0.200000E-01   0.117857E+00   0.100000E-01   0.128571E+00         1
    53   44   29   43   0.200000E-01   0.139286E+00   0.100000E-01   0.139286E+00   0.200000E-01   0.128571E+00         1
    54   28   43   29   0.100000E-01   0.128571E+00   0.200000E-01   0.128571E+00   0.100000E-01   0.139286E+00         1
    55   45   30   44   0.200000E-01   0.150000E+00   0.100000E-01   0.150000E+00   0.200000E-01   0.139286E+00         1
    56   29   44   30   0.100000E-01   0.139286E+00   0.200000E-01   0.139286E+00   0.100000E-01   0.150000E+00         1
    57   47   32   46   0.300000E-01   0.107143E-01   0.200000E-01   0.107143E-01   0.300000E-01   0.000000E+00         1
    58   31   46   32   0.200000E-01   0.000000E+00   0.300000E-01   0.000000E+00   0.200000E-01   0.107143E-01         1
    59   48   33   47   0.300000E-01   0.214286E-01   0.200000E-01   0.214286E-01   0.300000E-01   0.107143E-01         1
    60   32   47   33   0.200000E-01   0.107143E-01   0.300000E-01   0.107143E-01   0.200000E-01   0.214286E-01         1
    61   49   34   48   0.300000E-01   0.321429E-01   0.200000E-01   0.321429E-01   0.300000E-01   0.214286E-01         1
    62   33   48   34   0.200000E-01   0.214286E-01   0.300000E-01   0.214286E-01   0.200000E-01   0.321429E-01         1
    63   50   35   49   0.300000E-01   0.428571E-01   0.200000E-01   0.428571E-01   0.300000E-01   0.321429E-01         1
    64   34   49   35   0.200000E-01   0.321429E-01   0.300000E-01   0.321429E-01   0.200000E-01   0.428571E-01         1
    65   51   36   50   0.300000E-01   0.535714E-01   0.200000E-01   0.535714E-01   0.300000E-01   0.428571E-01         1
    66   35   50   36   0.200000E-01   0.428571E-01   0.300000E-01   0.428571E-01   0.200000E-01   0.535714E-01         1
    67   52   37   51   0.300000E-01   0.642857E-01   0.200000E-01   0.642857E-01   0.300000E-01   0.535714E-01         1
    68   36   51   37   0.200000E-01   0.535714E-01   0.300000E-01   0.535714E-01   0.200000E-01   0.642857E-01         1
    69   53   38   52   0.300000E-01   0.750000E-01   0.200000E-01   0.750000E-01   0.300000E-01   0.642857E-01         1
    70   37   52   38   0.200000E-01   0.642857E-01   0.300000E-01   0.642857E-01   0.200000E-01   0.750000E-01         1
    71   54   39   53   0.300000E-01   0.857143E-01   0.200000E-01   0.857143E-01   0.300000E-01   0.750000E-01         1
    72   38   53   39   0.200000E-01   0.750000E-01   0.300000E-01   0.750000E-01   0.200000E-01   0.857143E-01         1
    73   55   40   54   0.300000E-01   0.964286E-01   0.200000E-01   0.964286E-01   0.300000E-01   0.857143E-01         1
    74   39   54   40   0.200000E-01   0.857143E-01   0.300000E-01   0.857143E-01   0.200000E-01   0.964286E-01         1
    75   56   41   55   0.300000E-01   0.107143E+00   0.200000E-01   0.107143E+00   0.300000E-01   0.964286E-01         1
    76   40   55   41   0.200000E-01   0.964286E-01   0.300000E-01   0.964286E-01   0.200000E-01   0.107143E+00         1
    77   57   42   56   0.300000E-01   0.117857E+00   0.200000E-01   0.117857E+00   0.300000E-01   0.107143E+00         1
    78   41   56   42   0.200000E-01   0.107143E+00   0.300000E-01   0.107143E+00   0.200000E-01   0.117857E+00         1
    79   58   43   57   0.300000E-01   0.128571E+00   0.200000E-01   0.128571E+00   0.300000E-01   0.117857E+00         1
    80   42   57   43   0.200000E-01   0.117857E+00   0.300000E-01   0.117857E+00   0.200000E-01   0.128571E+00         1
    81   59   44   58   0.300000E-01   0.139286E+00   0.200000E-01   0.139286E+00   0.300000E-01   0.128571E+00         1
    82   43   58   44   0.200000E-01   0.128571E+00   0.300000E-01   0.128571E+00   0.200000E-01   0.139286E+00         1
    83   60   45   59   0.300000E-01   0.150000E+00   0.200000E-01   0.150000E+00   0.300000E-01   0.139286E+00         1
    84   44   59   45   0.200000E-01   0.139286E+00   0.300000E-01   0.139286E+00   0.200000E-01   0.150000E+00         1
    85   62   47   61   0.400000E-01   0.107143E-01   0.300000E-01   0.107143E-01   0.400000E-01   0.000000E+00         1
    86   46   61   47   0.300000E-01   0.000000E+00   0.400000E-01   0.000000E+00   0.300000E-01   0.107143E-01         1
    87   63   48   62   0.400000E-01   0.214286E-01   0.300000E-01   0.214286E-01   0.400000E-01   0.107143E-01         1
    88   47   62   48   0.300000E-01   0.107143E-01   0.400000E-01   0.107143E-01   0.300000E-01   0.214286E-01         1
    89   64   49   63   0.400000E-01   0.321429E-01   0.300000E-01   0.321429E-01   0.400000E-01   0.214286E-01         1
    90   48   63   49   0.300000E-01   0.214286E-01   0.400000E-01   0.214286E-01   0.300000E-01   0.321429E-01         1
    91   65   50   64   0.400000E-01   0.428571E-01   0.300000E-01   0.428571E-01   0.400000E-01   0.321429E-01         1
    92   49   64   50   0.300000E-01   0.321429E-01   0.400000E-01   0.321429E-01   0.300000E-01   0.428571E-01         1
    93   66   51   65   0.400000E-01   0.535714E-01   0.300000E-01   0.535714E-01   0.400000E-01   0.428571E-01         1
    94   50   65   51   0.300000E-01   0.428571E-01   0.400000E-01   0.428571E-01   0.300000E-01   0.535714E-01         1
    95   67   52   66   0.400000E-01   0.642857E-01   0.300000E-01   0.642857E-01   0.400000E-01   0.535714E-01         1
    96   51   66   52   0.300000E-01   0.535714E-01   0.400000E-01   0.535714E-01   0.300000E-01   0.642857E-01         1
    97   68   53   67   0.400000E-01   0.750000E-01   0.300000E-01   0.750000E-01   0.400000E-01   0.642857E-01         1
    98   52   67   53   0.300000E-01   0.642857E-01   0.400000E-01   0.642857E-01   0.300000E-01   0.750000E-01         1
    99   69   54   68   0.400000E-01   0.857143E-01   0.300000E-01   0.857143E-01   0.400000E-01   0.750000E-01         1
   100   53   68   54   0.300000E-01   0.750000E-01   0.400000E-01   0.750000E-01   0.300000E-01   0.857143E-01         1
   101   70   55   69   0.400000E-01   0.964286E-01   0.300000E-01   0.964286E-01   0.400000E-01   0.857143E-01         1
   102   54   69   55   0.300000E-01   0.857143E-01   0.400000E-01   0.857143E-01   0.300000E-01   0.964286E-01         1
   103   71   56   70   0.400000E-01   0.107143E+00   0.300000E-01   0.107143E+00   0.400000E-01   0.964286E-01         1
   104   55   70   56   0.300000E-01   0.964286E-01   0.400000E-01   0.964286E-01   0.300000E-01   0.107143E+00         1
   105   72   57   71   0.400000E-01   0.117857E+00   0.300000E-01   0.117857E+00   0.400000E-01   0.107143E+00         1
   106   56   71   57   0.300000E-01   0.107143E+00   0.400000E-01   0.107143E+00   0.300000E-01   0.117857E+00         1
   107   73   58   72   0.400000E-01   0.128571E+00   0.300000E-01   0.128571E+00   0.400000E-01   0.117857E+00         1
   108   57   72   58   0.300000E-01   0.117857E+00   0.400000E-01   0.117857E+00   0.300000E-01   0.128571E+00         1
   109   74   59   73   0.400000E-01   0.139286E+00   0.300000E-01   0.139286E+00   0.400000E-01   0.128571E+00         1
   110   58   73   59   0.300000E-01   0.128571E+00   0.400000E-01   0.128571E+00   0.300000E-01   0.139286E+00         1
   111   75   60   74   0.400000E-01   0.150000E+00   0.300000E-01   0.150000E+00   0.400000E-01   0.139286E+00         1
   112   59   74   60   0.300000E-01   0.139286E+00   0.400000E-01   0.139286E+00   0.300000E-01   0.150000E+00         1
   113   77   62   76   0.500000E-01   0.107143E-01   0.400000E-01   0.107143E-01   0.500000E-01   0.000000E+00         1
   114   61   76   62   0.400000E-01   0.000000E+00   0.500000E-01   0.000000E+00   0.400000E-01   0.107143E-01         1
   115   78   63   77   0.500000E-01   0.214286E-01   0.400000E-01   0.214286E-01   0.500000E-01   0.107143E-01         1
   116   62   77   63   0.400000E-01   0.107143E-01   0.500000E-01   0.107143E-01   0.400000E-01   0.214286E-01         1
   117   79   64   78   0.500000E-01   0.321429E-01   0.400000E-01   0.321429E-01   0.500000E-01   0.214286E-01         1
   118   63   78   64   0.400000E-01   0.214286E-01   0.500000E-01   0.214286E-01   0.400000E-01   0.321429E-01         1
   119   80   65   79   0.500000E-01   0.428571E-01   0.400000E-01   0.428571E-01   0.500000E-01   0.321429E-01         1
   120   64   79   65   0.400000E-01   0.321429E-01   0.500000E-01   0.321429E-01   0.400000E-01   0.428571E-01         1
   121   81   66   80   0.500000E-01   0.535714E-01   0.400000E-01   0.535714E-01   0.500000E-01   0.428571E-01         1
   122   65   80   66   0.400000E-01   0.428571E-01   0.500000E-01   0.428571E-01   0.400000E-01   0.535714E-01         1
   123   82   67   81   0.500000E-01   0.642857E-01   0.400000E-01   0.642857E-01   0.500000E-01   0.535714E-01         1
   124   66   81   67   0.400000E-01   0.535714E-01   0.500000E-01   0.535714E-01   0.400000E-01   0.642857E-01         1
   125   83   68   82   0.500000E-01   0.750000E-01   0.400000E-01   0.750000E-01   0.500000E-01   0.642857E-01         1
   126   67   82   68   0.400000E-01   0.642857E-01   0.500000E-01   0.642857E-01   0.400000E-01   0.750000E-01         1
   127   84   69   83   0.500000E-01   0.857143E-01   0.400000E-01   0.857143E-01   0.500000E-01   0.750000E-01         1
   128   68   83   69   0.400000E-01   0.750000E-01   0.500000E-01   0.750000E-01   0.400000E-01   0.857143E-01         1
   129   85   70   84   0.500000E-01   0.964286E-01   0.400000E-01   0.964286E-01   0.500000E-01   0.857143E-01         1
   130   69   84   70   0.400000E-01   0.857143E-01   0.500000E-01   0.857143E-01   0.400000E-01   0.964286E-01         1
   131   86   71   85   0.500000E-01   0.107143E+00   0.400000E-01   0.107143E+00   0.500000E-01   0.964286E-01         1
   132   70   85   71   0.400000E-01   0.964286E-01   0.500000E-01   0.964286E-01   0.400000E-01   0.107143E+00         1
   133   87   72   86   0.500000E-01   0.117857E+00   0.400000E-01   0.117857E+00   0.500000E-01   0.107143E+00         1
   134   71   86   72   0.400000E-01   0.107143E+00   0.500000E-01   0.107143E+00   0.400000E-01   0.117857E+00         1
   135   88   73   87   0.500000E-01   0.128571E+00   0.400000E-01   0.128571E+00   0.500000E-01   0.117857E+00         1
   136   72   87   73   0.400000E-01   0.117857E+00   0.500000E-01   0.117857E+00   0.400000E-01   0.128571E+00         1
   137   89   74   88   0.500000E-01   0.139286E+00   0.400000E-01   0.139286E+00   0.500000E-01   0.128571E+00         1
   138   73   88   74   0.400000E-01   0.128571E+00   0.500000E-01   0.128571E+00   0.400000E-01   0.139286E+00         1
   139   90   75   89   0.500000E-01   0.150000E+00   0.400000E-01   0.150000E+00   0.500000E-01   0.139286E+00         1
   140   74   89   75   0.400000E-01   0.139286E+00   0.500000E-01   0.139286E+00   0.400000E-01   0.150000E+00         1
   141   92   77   91   0.600000E-01   0.107143E-01   0.500000E-01   0.107143E-01   0.600000E-01   0.000000E+00         1
   142   76   91   77   0.500000E-01   0.000000E+00   0.600000E-01   0.000000E+00   0.500000E-01   0.107143E-01         1
   143   93   78   92   0.600000E-01   0.214286E-01   0.500000E-01   0.214286E-01   0.600000E-01   0.107143E-01         1
   144   77   92   78   0.500000E-01   0.107143E-01   0.600000E-01   0.107143E-01   0.500000E-01   0.214286E-01         1
   145   94   79   93   0.600000E-01   0.321429E-01   0.500000E-01   0.321429E-01   0.600000E-01   0.214286E-01         1
   146   78   93   79   0.500000E-01   0.214286E-01   0.600000E-01   0.214286E-01   0.500000E-01   0.321429E-01         1
   147   95   80   94   0.600000E-01   0.428571E-01   0.500000E-01   0.428571E-01   0.600000E-01   0.321429E-01         1
   148   79   94   80   0.500000E-01   0.321429E-01   0.600000E-01   0.321429E-01   0.500000E-01   0.428571E-01         1
   149   96   81   95   0.600000E-01   0.535714E-01   0.500000E-01   0.535714E-01   0.600000E-01   0.428571E-01         1
   150   80   95   81   0.500000E-01   0.428571E-01   0.600000E-01   0.428571E-01   0.500000E-01   0.535714E-01         1
   151   97   82   96   0.600000E-01   0.642857E-01   0.500000E-01   0.642857E-01   0.600000E-01   0.535714E-01         1
   152   81   96   82   0.500000E-01   0.535714E-01   0.600000E-01   0.535714E-01   0.500000E-01   0.642857E-01         1
   153   98   83   97   0.600000E-01   0.750000E-01   0.500000E-01   0.750000E-01   0.600000E-01   0.642857E-01         1
   154   82   97   83   0.500000E-01   0.642857E-01   0.600000E-01   0.642857E-01   0.500000E-01   0.750000E-01         1
   155   99   84   98   0.600000E-01   0.857143E-01   0.500000E-01   0.857143E-01   0.600000E-01   0.750000E-01         1
   156   83   98   84   0.500000E-01   0.750000E-01   0.600000E-01   0.750000E-01   0.500000E-01   0.857143E-01         1
   157  100   85   99   0.600000E-01   0.964286E-01   0.500000E-01   0.964286E-01   0.600000E-01   0.857143E-01         1
   158   84   99   85   0.500000E-01   0.857143E-01   0.600000E-01   0.857143E-01   0.500000E-01   0.964286E-01         1
   159  101   86  100   0.600000E-01   0.107143E+00   0.500000E-01   0.107143E+00   0.600000E-01   0.964286E-01         1
   160   85  100   86   0.500000E-01   0.964286E-01   0.600000E-01   0.964286E-01   0.500000E-01   0.107143E+00         1
   161  102   87  101   0.600000E-01   0.117857E+00   0.500000E-01   0.117857E+00   0.600000E-01   0.107143E+00         1
   162   86  101   87   0.500000E-01   0.107143E+00   0.600000E-01   0.107143E+00   0.500000E-01   0.117857E+00         1
   163  103   88  102   0.600000E-01   0.128571E+00   0.500000E-01   0.128571E+00   0.600000E-01   0.117857E+00         1
   164   87  102   88   0.500000E-01   0.117857E+00   0.600000E-01   0.117857E+00   0.500000E-01   0.128571E+00         1
   165  104   89  103   0.600000E-01   0.139286E+00   0.500000E-01   0.139286E+00   0.600000E-01   0.128571E+00         1
   166   88  103   89   0.500000E-01   0.128571E+00   0.600000E-01   0.128571E+00   0.500000E-01   0.139286E+00         1
   167  105   90  104   0.600000E-01   0.150000E+00   0.500000E-01   0.150000E+00   0.600000E-01   0.139286E+00         1
   168   89  104   90   0.500000E-01   0.139286E+00   0.600000E-01   0.139286E+00   0.500000E-01   0.150000E+00         1
   169  107   92  106   0.700000E-01   0.107143E-01   0.600000E-01   0.107143E-01   0.700000E-01   0.000000E+00         1
   170   91  106   92   0.600000E-01   0.000000E+00   0.700000E-01   0.000000E+00   0.600000E-01   0.107143E-01         1
   171  108   93  107   0.700000E-01   0.214286E-01   0.600000E-01   0.214286E-01   0.700000E-01   0.107143E-01         1
   172   92  107   93   0.600000E-01   0.107143E-01   0.700000E-01   0.107143E-01   0.600000E-01   0.214286E-01         1
   173  109   94  108   0.700000E-01   0.321429E-01   0.600000E-01   0.321429E-01   0.700000E-01   0.214286E-01         1
   174   93  108   94   0.600000E-01   0.214286E-01   0.700000E-01   0.214286E-01   0.600000E-01   0.321429E-01         1
   175  110   95  109   0.700000E-01   0.428571E-01   0.600000E-01   0.428571E-01   0.700000E-01   0.321429E-01         1
   176   94  109   95   0.600000E-01   0.321429E-01   0.700000E-01   0.321429E-01   0.600000E-01   0.428571E-01         1
   177  111   96  110   0.700000E-01   0.535714E-01   0.600000E-01   0.535714E-01   0.700000E-01   0.428571E-01         1
   178   95  110   96   0.600000E-01   0.428571E-01   0.700000E-01   0.428571E-01   0.600000E-01   0.535714E-01         1
   179  112   97  111   0.700000E-01   0.642857E-01   0.600000E-01   0.642857E-01   0.700000E-01   0.535714E-01         1
   180   96  111   97   0.600000E-01   0.535714E-01   0.700000E-01   0.535714E-01   0.600000E-01   0.642857E-01         1
   181  113   98  112   0.700000E-01   0.750000E-01   0.600000E-01   0.750000E-01   0.700000E-01   0.642857E-01         1
   182   97  112   98   0.600000E-01   0.642857E-01   0.700000E-01   0.642857E-01   0.600000E-01   0.750000E-01         1
   183  114   99  113   0.700000E-01   0.857143E-01   0.600000E-01   0.857143E-01   0.700000E-01   0.750000E-01         1
   184   98  113   99   0.600000E-01   0.750000E-01   0.700000E-01   0.750000E-01   0.600000E-01   0.857143E-01         1
   185  115  100  114   0.700000E-01   0.964286E-01   0.600000E-01   0.964286E-01   0.700000E-01   0.857143E-01         1
   186   99  114  100   0.600000E-01   0.857143E-01   0.700000E-01   0.857143E-01   0.600000E-01   0.964286E-01         1
   187  116  101  115   0.700000E-01   0.107143E+00   0.600000E-01   0.107143E+00   0.700000E-01   0.964286E-01         1
   188  100  115  101   0.600000E-01   0.964286E-01   0.700000E-01   0.964286E-01   0.600000E-01   0.107143E+00         1
   189  117  102  116   0.700000E-01   0.117857E+00   0.600000E-01   0.117857E+00   0.700000E-01   0.107143E+00         1
   190  101  116  102   0.600000E-01   0.107143E+00   0.700000E-01   0.107143E+00   0.600000E-01   0.117857E+00         1
   191  118  103  117   0.700000E-01   0.128571E+00   0.600000E-01   0.128571E+00   0.700000E-01   0.117857E+00         1
   192  102  117  103   0.600000E-01   0.117857E+00   0.700000E-01   0.117857E+00   0.600000E-01   0.128571E+00         1
   193  119  104  118   0.700000E-01   0.139286E+00   0.600000E-01   0.139286E+00   0.700000E-01   0.128571E+00         1
   194  103  118  104   0.600000E-01   0.128571E+00   0.700000E-01   0.128571E+00   0.600000E-01   0.139286E+00         1
   195  120  105  119   0.700000E-01   0.150000E+00   0.600000E-01   0.150000E+00   0.700000E-01   0.139286E+00         1
   196  104  119  105   0.600000E-01   0.139286E+00   0.700000E-01   0.139286E+00   0.600000E-01   0.150000E+00         1
   197  122  107  121   0.800000E-01   0.107143E-01   0.700000E-01   0.107143E-01   0.800000E-01   0.000000E+00         1
   198  106  121  107   0.700000E-01   0.000000E+00   0.800000E-01   0.000000E+00   0.700000E-01   0.107143E-01         1
   199  123  108  122   0.800000E-01   0.214286E-01   0.700000E-01   0.214286E-01   0.800000E-01   0.107143E-01         1
   200  107  122  108   0.700000E-01   0.107143E-01   0.800000E-01   0.107143E-01   0.700000E-01   0.214286E-01         1
   201  124  109  123   0.800000E-01   0.321429E-01   0.700000E-01   0.321429E-01   0.800000E-01   0.214286E-01         1
   202  108  123  109   0.700000E-01   0.214286E-01   0.800000E-01   0.214286E-01   0.700000E-01   0.321429E-01         1
   203  125  110  124   0.800000E-01   0.428571E-01   0.700000E-01   0.428571E-01   0.800000E-01   0.321429E-01         1
   204  109  124  110   0.700000E-01   0.321429E-01   0.800000E-01   0.321429E-01   0.700000E-01   0.428571E-01         1
   205  126  111  125   0.800000E-01   0.535714E-01   0.700000E-01   0.535714E-01   0.800000E-01   0.428571E-01         1
   206  110  125  111   0.700000E-01   0.428571E-01   0.800000E-01   0.428571E-01   0.700000E-01   0.535714E-01         1
   207  127  112  126   0.800000E-01   0.642857E-01   0.700000E-01   0.642857E-01   0.800000E-01   0.535714E-01         1
   208  111  126  112   0.700000E-01   0.535714E-01   0.800000E-01   0.535714E-01   0.700000E-01   0.642857E-01         1
   209  128  113  127   0.800000E-01   0.750000E-01   0.700000E-01   0.750000E-01   0.800000E-01   0.642857E-01         1
   210  112  127  113   0.700000E-01   0.642857E-01   0.800000E-01   0.642857E-01   0.700000E-01   0.750000E-01         1
   211  129  114  128   0.800000E-01   0.857143E-01   0.700000E-01   0.857143E-01   0.800000E-01   0.750000E-01         1
   212  113  128  114   0.700000E-01   0.750000E-01   0.800000E-01   0.750000E-01   0.700000E-01   0.857143E-01         1
   213  130  115  129   0.800000E-01   0.964286E-01   0.700000E-01   0.964286E-01   0.800000E-01   0.857143E-01         1
   214  114  129  115   0.700000E-01   0.857143E-01   0.800000E-01   0.857143E-01   0.700000E-01   0.964286E-01         1
   215  131  116  130   0.800000E-01   0.107143E+00   0.700000E-01   0.107143E+00   0.800000E-01   0.964286E-01         1
   216  115  130  116   0.700000E-01   0.964286E-01   0.800000E-01   0.964286E-01   0.700000E-01   0.107143E+00         1
   217  132  117  131   0.800000E-01   0.117857E+00   0.700000E-01   0.117857E+00   0.800000E-01   0.107143E+00         1
   218  116  131  117   0.700000E-01   0.107143E+00   0.800000E-01   0.107143E+00   0.700000E-01   0.117857E+00         1
   219  133  118  132   0.800000E-01   0.128571E+00   0.700000E-01   0.128571E+00   0.800000E-01   0.117857E+00         1
   220  117  132  118   0.700000E-01   0.117857E+00   0.800000E-01   0.117857E+00   0.700000E-01   0.128571E+00         1
   221  134  119  133   0.800000E-01   0.139286E+00   0.700000E-01   0.139286E+00   0.800000E-01   0.128571E+00         1
   222  118  133  119   0.700000E-01   0.128571E+00   0.800000E-01   0.128571E+00   0.700000E-01   0.139286E+00         1
   223  135  120  134   0.800000E-01   0.150000E+00   0.700000E-01   0.150000E+00   0.800000E-01   0.139286E+00         1
   224  119  134  120   0.700000E-01   0.139286E+00   0.800000E-01   0.139286E+00   0.700000E-01   0.150000E+00         1
   225  137  122  136   0.900000E-01   0.107143E-01   0.800000E-01   0.107143E-01   0.900000E-01   0.000000E+00         1
   226  121  136  122   0.800000E-01   0.000000E+00   0.900000E-01   0.000000E+00   0.800000E-01   0.107143E-01         1
   227  138  123  137   0.900000E-01   0.214286E-01   0.800000E-01   0.214286E-01   0.900000E-01   0.107143E-01         1
   228  122  137  123   0.800000E-01   0.107143E-01   0.900000E-01   0.107143E-01   0.800000E-01   0.214286E-01         1
   229  139  124  138   0.900000E-01   0.321429E-01   0.800000E-01   0.321429E-01   0.900000E-01   0.214286E-01         1
   230  123  138  124   0.800000E-01   0.214286E-01   0.900000E-01   0.214286E-01   0.800000E-01   0.321429E-01         1
   231  140  125  139   0.900000E-01   0.428571E-01   0.800000E-01   0.428571E-01   0.900000E-01   0.321429E-01         1
   232  124  139  125   0.800000E-01   0.321429E-01   0.900000E-01   0.321429E-01   0.800000E-01   0.428571E-01         1
   233  141  126  140   0.900000E-01   0.535714E-01   0.800000E-01   0.535714E-01   0.900000E-01   0.428571E-01         1
   234  125  140  126   0.800000E-01   0.428571E-01   0.900000E-01   0.428571E-01   0.800000E-01   0.535714E-01         1
   235  142  127  141   0.900000E-01   0.642857E-01   0.800000E-01   0.642857E-01   0.900000E-01   0.535714E-01         1
   236  126  141  127   0.800000E-01   0.535714E-01   0.900000E-01   0.535714E-01   0.800000E-01   0.642857E-01         1
   237  143  128  142   0.900000E-01   0.750000E-01   0.800000E-01   0.750000E-01   0.900000E-01   0.642857E-01         1
   238  127  142  128   0.800000E-01   0.642857E-01   0.900000E-01   0.642857E-01   0.800000E-01   0.750000E-01         1
   239  144  129  143   0.900000E-01   0.857143E-01   0.800000E-01   0.857143E-01   0.900000E-01   0.750000E-01         1
   240  128  143  129   0.800000E-01   0.750000E-01   0.900000E-01   0.750000E-01   0.800000E-01   0.857143E-01         1
   241  145  130  144   0.900000E-01   0.964286E-01   0.800000E-01   0.964286E-01   0.900000E-01   0.857143E-01         1
   242  129  144  130   0.800000E-01   0.857143E-01   0.900000E-01   0.857143E-01   0.800000E-01   0.964286E-01         1
   243  146  131  145   0.900000E-01   0.107143E+00   0.800000E-01   0.107143E+00   0.900000E-01   0.964286E-01         1
   244  130  145  131   0.800000E-01   0.964286E-01   0.900000E-01   0.964286E-01   0.800000E-01   0.107143E+00         1
   245  147  132  146   0.900000E-01   0.117857E+00   0.800000E-01   0.117857E+00   0.900000E-01   0.107143E+00         1
   246  131  146  132   0.800000E-01   0.107143E+00   0.900000E-01   0.107143E+00   0.800000E-01   0.117857E+00         1
   247  148  133  147   0.900000E-01   0.128571E+00   0.800000E-01   0.128571E+00   0.900000E-01   0.117857E+00         1
   248  132  147  133   0.800000E-01   0.117857E+00   0.900000E-01   0.117857E+00   0.800000E-01   0.128571E+00         1
   249  149  134  148   0.900000E-01   0.139286E+00   0.800000E-01   0.139286E+00   0.900000E-01   0.128571E+00         1
   250  133  148  134   0.800000E-01   0.128571E+00   0.900000E-01   0.128571E+00   0.800000E-01   0.139286E+00         1
   251  150  135  149   0.900000E-01   0.150000E+00   0.800000E-01   0.150000E+00   0.900000E-01   0.139286E+00         1
   252  134  149  135   0.800000E-01   0.139286E+00   0.900000E-01   0.139286E+00   0.800000E-01   0.150000E+00         1
   253  152  137  151   0.100000E+00   0.107143E-01   0.900000E-01   0.107143E-01   0.100000E+00   0.000000E+00         1
   254  136  151  137   0.900000E-01   0.000000E+00   0.100000E+00   0.000000E+00   0.900000E-01   0.107143E-01         1
   255  153  138  152   0.100000E+00   0.214286E-01   0.900000E-01   0.214286E-01   0.100000E+00   0.107143E-01         1
   256  137  152  138   0.900000E-01   0.107143E-01   0.100000E+00   0.107143E-01   0.900000E-01   0.214286E-01         1
   257  154  139  153   0.100000E+00   0.321429E-01   0.900000E-01   0.321429E-01   0.100000E+00   0.214286E-01         1
   258  138  153  139   0.900000E-01   0.214286E-01   0.100000E+00   0.214286E-01   0.900000E-01   0.321429E-01         1
   259  155  140  154   0.100000E+00   0.428571E-01   0.900000E-01   0.428571E-01   0.100000E+00   0.321429E-01         1
   260  139  154  140   0.900000E-01   0.321429E-01   0.100000E+00   0.321429E-01   0.900000E-01   0.428571E-01         1
   261  156  141  155   0.100000E+00   0.535714E-01   0.900000E-01   0.535714E-01   0.100000E+00   0.428571E-01         1
   262  140  155  141   0.900000E-01   0.428571E-01   0.100000E+00   0.428571E-01   0.900000E-01   0.535714E-01         1
   263  157  142  156   0.100000E+00   0.642857E-01   0.900000E-01   0.642857E-01   0.100000E+00   0.535714E-01         1
   264  141  156  142   0.900000E-01   0.535714E-01   0.100000E+00   0.535714E-01   0.900000E-01   0.642857E-01         1
   265  158  143  157   0.100000E+00   0.750000E-01   0.900000E-01   0.750000E-01   0.100000E+00   0.642857E-01         1
   266  142  157  143   0.900000E-01   0.642857E-01   0.100000E+00   0.642857E-01   0.900000E-01   0.750000E-01         1
   267  159  144  158   0.100000E+00   0.857143E-01   0.900000E-01   0.857143E-01   0.100000E+00   0.750000E-01         1
   268  143  158  144   0.900000E-01   0.750000E-01   0.100000E+00   0.750000E-01   0.900000E-01   0.857143E-01         1
   269  160  145  159   0.100000E+00   0.964286E-01   0.900000E-01   0.964286E-01   0.100000E+00   0.857143E-01         1
   270  144  159  145   0.900000E-01   0.857143E-01   0.100000E+00   0.857143E-01   0.900000E-01   0.964286E-01         1
   271  161  146  160   0.100000E+00   0.107143E+00   0.900000E-01   0.107143E+00   0.100000E+00   0.964286E-01         1
   272  145  160  146   0.900000E-01   0.964286E-01   0.100000E+00   0.964286E-01   0.900000E-01   0.107143E+00         1
   273  162  147  161   0.100000E+00   0.117857E+00   0.900000E-01   0.117857E+00   0.100000E+00   0.107143E+00         1
   274  146  161  147   0.900000E-01   0.107143E+00   0.100000E+00   0.107143E+00   0.900000E-01   0.117857E+00         1
   275  163  148  162   0.100000E+00   0.128571E+00   0.900000E-01   0.128571E+00   0.100000E+00   0.117857E+00         1
   276  147  162  148   0.900000E-01   0.117857E+00   0.100000E+00   0.117857E+00   0.900000E-01   0.128571E+00         1
   277  164  149  163   0.100000E+00   0.139286E+00   0.900000E-01   0.139286E+00   0.100000E+00   0.128571E+00         1
   278  148  163  149   0.900000E-01   0.128571E+00   0.100000E+00   0.128571E+00   0.900000E-01   0.139286E+00         1
   279  165  150  164   0.100000E+00   0.150000E+00   0.900000E-01   0.150000E+00   0.100000E+00   0.139286E+00         1
   280  149  164  150   0.900000E-01   0.139286E+00   0.100000E+00   0.139286E+00   0.900000E-01   0.150000E+00         1
   281  167  152  166   0.110000E+00   0.107143E-01   0.100000E+00   0.107143E-01   0.110000E+00   0.000000E+00         1
   282  151  166  152   0.100000E+00   0.000000E+00   0.110000E+00   0.000000E+00   0.100000E+00   0.107143E-01         1
   283  168  153  167   0.110000E+00   0.214286E-01   0.100000E+00   0.214286E-01   0.110000E+00   0.107143E-01         1
   284  152  167  153   0.100000E+00   0.107143E-01   0.110000E+00   0.107143E-01   0.100000E+00   0.214286E-01         1
   285  169  154  168   0.110000E+00   0.321429E-01   0.100000E+00   0.321429E-01   0.110000E+00   0.214286E-01         1
   286  153  168  154   0.100000E+00   0.214286E-01   0.110000E+00   0.214286E-01   0.100000E+00   0.321429E-01         1
   287  170  155  169   0.110000E+00   0.428571E-01   0.100000E+00   0.428571E-01   0.110000E+00   0.321429E-01         1
   288  154  169  155   0.100000E+00   0.321429E-01   0.110000E+00   0.321429E-01   0.100000E+00   0.428571E-01         1
   289  171  156  170   0.110000E+00   0.535714E-01   0.100000E+00   0.535714E-01   0.110000E+00   0.428571E-01         1
   290  155  170  156   0.100000E+00   0.428571E-01   0.110000E+00   0.428571E-01   0.100000E+00   0.535714E-01         1
   291  172  157  171   0.110000E+00   0.642857E-01   0.100000E+00   0.642857E-01   0.110000E+00   0.535714E-01         1
   292  156  171  157   0.100000E+00   0.535714E-01   0.110000E+00   0.535714E-01   0.100000E+00   0.642857E-01         1
   293  173  158  172   0.110000E+00   0.750000E-01   0.100000E+00   0.750000E-01   0.110000E+00   0.642857E-01         1
   294  157  172  158   0.100000E+00   0.642857E-01   0.110000E+00   0.642857E-01   0.100000E+00   0.750000E-01         1
   295  174  159  173   0.110000E+00   0.857143E-01   0.100000E+00   0.857143E-01   0.110000E+00   0.750000E-01         1
   296  158  173  159   0.100000E+00   0.750000E-01   0.110000E+00   0.750000E-01   0.100000E+00   0.857143E-01         1
   297  175  160  174   0.110000E+00   0.964286E-01   0.100000E+00   0.964286E-01   0.110000E+00   0.857143E-01         1
   298  159  174  160   0.100000E+00   0.857143E-01   0.110000E+00   0.857143E-01   0.100000E+00   0.964286E-01         1
   299  176  161  175   0.110000E+00   0.107143E+00   0.100000E+00   0.107143E+00   0.110000E+00   0.964286E-01         1
   300  160  175  161   0.100000E+00   0.964286E-01   0.110000E+00   0.964286E-01   0.100000E+00   0.107143E+00         1
   301  177  162  176   0.110000E+00   0.117857E+00   0.100000E+00   0.117857E+00   0.110000E+00   0.107143E+00         1
   302  161  176  162   0.100000E+00   0.107143E+00   0.110000E+00   0.107143E+00   0.100000E+00   0.117857E+00         1
   303  178  163  177   0.110000E+00   0.128571E+00   0.100000E+00   0.128571E+00   0.110000E+00   0.117857E+00         1
   304  162  177  163   0.100000E+00   0.117857E+00   0.110000E+00   0.117857E+00   0.100000E+00   0.128571E+00         1
   305  179  164  178   0.110000E+00   0.139286E+00   0.100000E+00   0.139286E+00   0.110000E+00   0.128571E+00         1
   306  163  178  164   0.100000E+00   0.128571E+00   0.110000E+00   0.128571E+00   0.100000E+00   0.139286E+00         1
   307  180  165  179   0.110000E+00   0.150000E+00   0.100000E+00   0.150000E+00   0.110000E+00   0.139286E+00         1
   308  164  179  165   0.100000E+00   0.139286E+00   0.110000E+00   0.139286E+00   0.100000E+00   0.150000E+00         1
   309  182  167  181   0.120000E+00   0.107143E-01   0.110000E+00   0.107143E-01   0.120000E+00   0.000000E+00         1
   310  166  181  167   0.110000E+00   0.000000E+00   0.120000E+00   0.000000E+00   0.110000E+00   0.107143E-01         1
   311  183  168  182   0.120000E+00   0.214286E-01   0.110000E+00   0.214286E-01   0.120000E+00   0.107143E-01         1
   312  167  182  168   0.110000E+00   0.107143E-01   0.120000E+00   0.107143E-01   0.110000E+00   0.214286E-01         1
   313  184  169  183   0.120000E+00   0.321429E-01   0.110000E+00   0.321429E-01   0.120000E+00   0.214286E-01         1
   314  168  183  169   0.110000E+00   0.214286E-01   0.120000E+00   0.214286E-01   0.110000E+00   0.321429E-01         1
   315  185  170  184   0.120000E+00   0.428571E-01   0.110000E+00   0.428571E-01   0.120000E+00   0.321429E-01         1
   316  169  184  170   0.110000E+00   0.321429E-01   0.120000E+00   0.321429E-01   0.110000E+00   0.428571E-01         1
   317  186  171  185   0.120000E+00   0.535714E-01   0.110000E+00   0.535714E-01   0.120000E+00   0.428571E-01         1
   318  170  185  171   0.110000E+00   0.428571E-01   0.120000E+00   0.428571E-01   0.110000E+00   0.535714E-01         1
   319  187  172  186   0.120000E+00   0.642857E-01   0.110000E+00   0.642857E-01   0.120000E+00   0.535714E-01         1
   320  171  186  172   0.110000E+00   0.535714E-01   0.120000E+00   0.535714E-01   0.110000E+00   0.642857E-01         1
   321  188  173  187   0.120000E+00   0.750000E-01   0.110000E+00   0.750000E-01   0.120000E+00   0.642857E-01         1
   322  172  187  173   0.110000E+00   0.642857E-01   0.120000E+00   0.642857E-01   0.110000E+00   0.750000E-01         1
   323  189  174  188   0.120000E+00   0.857143E-01   0.110000E+00   0.857143E-01   0.120000E+00   0.750000E-01         1
   324  173  188  174   0.110000E+00   0.750000E-01   0.120000E+00   0.750000E-01   0.110000E+00   0.857143E-01         1
   325  190  175  189   0.120000E+00   0.964286E-01   0.110000E+00   0.964286E-01   0.120000E+00   0.857143E-01         1
   326  174  189  175   0.110000E+00   0.857143E-01   0.120000E+00   0.857143E-01   0.110000E+00   0.964286E-01         1
   327  191  176  190   0.120000E+00   0.107143E+00   0.110000E+00   0.107143E+00   0.120000E+00   0.964286E-01         1
   328  175  190  176   0.110000E+00   0.964286E-01   0.120000E+00   0.964286E-01   0.110000E+00   0.107143E+00         1
   329  192  177  191   0.120000E+00   0.117857E+00   0.110000E+00   0.117857E+00   0.120000E+00   0.107143E+00         1
   330  176  191  177   0.110000E+00   0.107143E+00   0.120000E+00   0.107143E+00   0.110000E+00   0.117857E+00         1
   331  193  178  192   0.120000E+00   0.128571E+00   0.110000E+00   0.128571E+00   0.120000E+00   0.117857E+00         1
   332  177  192  178   0.110000E+00   0.117857E+00   0.120000E+00   0.117857E+00   0.110000E+00   0.128571E+00         1
   333  194  179  193   0.120000E+00   0.139286E+00   0.110000E+00   0.139286E+00   0.120000E+00   0.128571E+00         1
   334  178  193  179   0.110000E+00   0.128571E+00   0.120000E+00   0.128571E+00   0.110000E+00   0.139286E+00         1
   335  195  180  194   0.120000E+00   0.150000E+00   0.110000E+00   0.150000E+00   0.120000E+00   0.139286E+00         1
   336  179  194  180   0.110000E+00   0.139286E+00   0.120000E+00   0.139286E+00   0.110000E+00   0.150000E+00         1
   337  197  182  196   0.130000E+00   0.107143E-01   0.120000E+00   0.107143E-01   0.130000E+00   0.000000E+00         1
   338  181  196  182   0.120000E+00   0.000000E+00   0.130000E+00   0.000000E+00   0.120000E+00   0.107143E-01         1
   339  198  183  197   0.130000E+00   0.214286E-01   0.120000E+00   0.214286E-01   0.130000E+00   0.107143E-01         1
   340  182  197  183   0.120000E+00   0.107143E-01   0.130000E+00   0.107143E-01   0.120000E+00   0.214286E-01         1
   341  199  184  198   0.130000E+00   0.321429E-01   0.120000E+00   0.321429E-01   0.130000E+00   0.214286E-01         1
   342  183  198  184   0.120000E+00   0.214286E-01   0.130000E+00   0.214286E-01   0.120000E+00   0.321429E-01         1
   343  200  185  199   0.130000E+00   0.428571E-01   0.120000E+00   0.428571E-01   0.130000E+00   0.321429E-01         1
   344  184  199  185   0.120000E+00   0.321429E-01   0.130000E+00   0.321429E-01   0.120000E+00   0.428571E-01         1
   345  201  186  200   0.130000E+00   0.535714E-01   0.120000E+00   0.535714E-01   0.130000E+00   0.428571E-01         1
   346  185  200  186   0.120000E+00   0.428571E-01   0.130000E+00   0.428571E-01   0.120000E+00   0.535714E-01         1
   347  202  187  201   0.130000E+00   0.642857E-01   0.120000E+00   0.642857E-01   0.130000E+00   0.535714E-01         1
   348  186  201  187   0.120000E+00   0.535714E-01   0.130000E+00   0.535714E-01   0.120000E+00   0.642857E-01         1
   349  203  188  202   0.130000E+00   0.750000E-01   0.120000E+00   0.750000E-01   0.130000E+00   0.642857E-01         1
   350  187  202  188   0.120000E+00   0.642857E-01   0.130000E+00   0.642857E-01   0.120000E+00   0.750000E-01         1
   351  204  189  203   0.130000E+00   0.857143E-01   0.120000E+00   0.857143E-01   0.130000E+00   0.750000E-01         1
   352  188  203  189   0.120000E+00   0.750000E-01   0.130000E+00   0.750000E-01   0.120000E+00   0.857143E-01         1
   353  205  190  204   0.130000E+00   0.964286E-01   0.120000E+00   0.964286E-01   0.130000E+00   0.857143E-01         1
   354  189  204  190   0.120000E+00   0.857143E-01   0.130000E+00   0.857143E-01   0.120000E+00   0.964286E-01         1
   355  206  191  205   0.130000E+00   0.107143E+00   0.120000E+00   0.107143E+00   0.130000E+00   0.964286E-01         1
   356  190  205  191   0.120000E+00   0.964286E-01   0.130000E+00   0.964286E-01   0.120000E+00   0.107143E+00         1
   357  207  192  206   0.130000E+00   0.117857E+00   0.120000E+00   0.117857E+00   0.130000E+00   0.107143E+00         1
   358  191  206  192   0.120000E+00   0.107143E+00   0.130000E+00   0.107143E+00   0.120000E+00   0.117857E+00         1
   359  208  193  207   0.130000E+00   0.128571E+00   0.120000E+00   0.128571E+00   0.130000E+00   0.117857E+00         1
   360  192  207  193   0.120000E+00   0.117857E+00   0.130000E+00   0.117857E+00   0.120000E+00   0.128571E+00         1
   361  209  194  208   0.130000E+00   0.139286E+00   0.120000E+00   0.139286E+00   0.130000E+00   0.128571E+00         1
   362  193  208  194   0.120000E+00   0.128571E+00   0.130000E+00   0.128571E+00   0.120000E+00   0.139286E+00         1
   363  210  195  209   0.130000E+00   0.150000E+00   0.120000E+00   0.150000E+00   0.130000E+00   0.139286E+00         1
   364  194  209  195   0.120000E+00   0.139286E+00   0.130000E+00   0.139286E+00   0.120000E+00   0.150000E+00         1
   365  212  197  211   0.140000E+00   0.107143E-01   0.130000E+00   0.107143E-01   0.140000E+00   0.000000E+00         1
   366  196  211  197   0.130000E+00   0.000000E+00   0.140000E+00   0.000000E+00   0.130000E+00   0.107143E-01         1
   367  213  198  212   0.140000E+00   0.214286E-01   0.130000E+00   0.214286E-01   0.140000E+00   0.107143E-01         1
   368  197  212  198   0.130000E+00   0.107143E-01   0.140000E+00   0.107143E-01   0.130000E+00   0.214286E-01         1
   369  214  199  213   0.140000E+00   0.321429E-01   0.130000E+00   0.321429E-01   0.140000E+00   0.214286E-01         1
   370  198  213  199   0.130000E+00   0.214286E-01   0.140000E+00   0.214286E-01   0.130000E+00   0.321429E-01         1
   371  215  200  214   0.140000E+00   0.428571E-01   0.130000E+00   0.428571E-01   0.140000E+00   0.321429E-01         1
   372  199  214  200   0.130000E+00   0.321429E-01   0.140000E+00   0.321429E-01   0.130000E+00   0.428571E-01         1
   373  216  201  215   0.140000E+00   0.535714E-01   0.130000E+00   0.535714E-01   0.140000E+00   0.428571E-01         1
   374  200  215  201   0.130000E+00   0.428571E-01   0.140000E+00   0.428571E-01   0.130000E+00   0.535714E-01         1
   375  217  202  216   0.140000E+00   0.642857E-01   0.130000E+00   0.642857E-01   0.140000E+00   0.535714E-01         1
   376  201  216  202   0.130000E+00   0.535714E-01   0.140000E+00   0.535714E-01   0.130000E+00   0.642857E-01         1
   377  218  203  217   0.140000E+00   0.750000E-01   0.130000E+00   0.750000E-01   0.140000E+00   0.642857E-01         1
   378  202  217  203   0.130000E+00   0.642857E-01   0.140000E+00   0.642857E-01   0.130000E+00   0.750000E-01         1
   379  219  204  218   0.140000E+00   0.857143E-01   0.130000E+00   0.857143E-01   0.140000E+00   0.750000E-01         1
   380  203  218  204   0.130000E+00   0.750000E-01   0.140000E+00   0.750000E-01   0.130000E+00   0.857143E-01         1
   381  220  205  219   0.140000E+00   0.964286E-01   0.130000E+00   0.964286E-01   0.140000E+00   0.857143E-01         1
   382  204  219  205   0.130000E+00   0.857143E-01   0.140000E+00   0.857143E-01   0.130000E+00   0.964286E-01         1
   383  221  206  220   0.140000E+00   0.107143E+00   0.130000E+00   0.107143E+00   0.140000E+00   0.964286E-01         1
   384  205  220  206   0.130000E+00   0.964286E-01   0.140000E+00   0.964286E-01   0.130000E+00   0.107143E+00         1
   385  222  207  221   0.140000E+00   0.117857E+00   0.130000E+00   0.117857E+00   0.140000E+00   0.107143E+00         1
   386  206  221  207   0.130000E+00   0.107143E+00   0.140000E+00   0.107143E+00   0.130000E+00   0.117857E+00         1
   387  223  208  222   0.140000E+00   0.128571E+00   0.130000E+00   0.128571E+00   0.140000E+00   0.117857E+00         1
   388  207  222  208   0.130000E+00   0.117857E+00   0.140000E+00   0.117857E+00   0.130000E+00   0.128571E+00         1
   389  224  209  223   0.140000E+00   0.139286E+00   0.130000E+00   0.139286E+00   0.140000E+00   0.128571E+00         1
   390  208  223  209   0.130000E+00   0.128571E+00   0.140000E+00   0.128571E+00   0.130000E+00   0.139286E+00         1
   391  225  210  224   0.140000E+00   0.150000E+00   0.130000E+00   0.150000E+00   0.140000E+00   0.139286E+00         1
   392  209  224  210   0.130000E+00   0.139286E+00   0.140000E+00   0.139286E+00   0.130000E+00   0.150000E+00         1
   393  227  212  226   0.150000E+00   0.107143E-01   0.140000E+00   0.107143E-01   0.150000E+00   0.000000E+00         1
   394  211  226  212   0.140000E+00   0.000000E+00   0.150000E+00   0.000000E+00   0.140000E+00   0.107143E-01         1
   395  228  213  227   0.150000E+00   0.214286E-01   0.140000E+00   0.214286E-01   0.150000E+00   0.107143E-01         1
   396  212  227  213   0.140000E+00   0.107143E-01   0.150000E+00   0.107143E-01   0.140000E+00   0.214286E-01         1
   397  229  214  228   0.150000E+00   0.321429E-01   0.140000E+00   0.321429E-01   0.150000E+00   0.214286E-01         1
   398  213  228  214   0.140000E+00   0.214286E-01   0.150000E+00   0.214286E-01   0.140000E+00   0.321429E-01         1
   399  230  215  229   0.150000E+00   0.428571E-01   0.140000E+00   0.428571E-01   0.150000E+00   0.321429E-01         1
   400  214  229  215   0.140000E+00   0.321429E-01   0.150000E+00   0.321429E-01   0.140000E+00   0.428571E-01         1
   401  231  216  230   0.150000E+00   0.535714E-01   0.140000E+00   0.535714E-01   0.150000E+00   0.428571E-01         1
   402  215  230  216   0.140000E+00   0.428571E-01   0.150000E+00   0.428571E-01   0.140000E+00   0.535714E-01         1
   403  232  217  231   0.150000E+00   0.642857E-01   0.140000E+00   0.642857E-01   0.150000E+00   0.535714E-01         1
   404  216  231  217   0.140000E+00   0.535714E-01   0.150000E+00   0.535714E-01   0.140000E+00   0.642857E-01         1
   405  233  218  232   0.150000E+00   0.750000E-01   0.140000E+00   0.750000E-01   0.150000E+00   0.642857E-01         1
   406  217  232  218   0.140000E+00   0.642857E-01   0.150000E+00   0.642857E-01   0.140000E+00   0.750000E-01         1
   407  234  219  233   0.150000E+00   0.857143E-01   0.140000E+00   0.857143E-01   0.150000E+00   0.750000E-01         1
   408  218  233  219   0.140000E+00   0.750000E-01   0.150000E+00   0.750000E-01   0.140000E+00   0.857143E-01         1
   409  235  220  234   0.150000E+00   0.964286E-01   0.140000E+00   0.964286E-01   0.150000E+00   0.857143E-01         1
   410  219  234  220   0.140000E+00   0.857143E-01   0.150000E+00   0.857143E-01   0.140000E+00   0.964286E-01         1
   411  236  221  235   0.150000E+00   0.107143E+00   0.140000E+00   0.107143E+00   0.150000E+00   0.964286E-01         1
   412  220  235  221   0.140000E+00   0.964286E-01   0.150000E+00   0.964286E-01   0.140000E+00   0.107143E+00         1
   413  237  222  236   0.150000E+00   0.117857E+00   0.140000E+00   0.117857E+00   0.150000E+00   0.107143E+00         1
   414  221  236  222   0.140000E+00   0.107143E+00   0.150000E+00   0.107143E+00   0.140000E+00   0.117857E+00         1
   415  238  223  237   0.150000E+00   0.128571E+00   0.140000E+00   0.128571E+00   0.150000E+00   0.117857E+00         1
   416  222  237  223   0.140000E+00   0.117857E+00   0.150000E+00   0.117857E+00   0.140000E+00   0.128571E+00         1
   417  239  224  238   0.150000E+00   0.139286E+00   0.140000E+00   0.139286E+00   0.150000E+00   0.128571E+00         1
   418  223  238  224   0.140000E+00   0.128571E+00   0.150000E+00   0.128571E+00   0.140000E+00   0.139286E+00         1
   419  240  225  239   0.150000E+00   0.150000E+00   0.140000E+00   0.150000E+00   0.150000E+00   0.139286E+00         1
   420  224  239  225   0.140000E+00   0.139286E+00   0.150000E+00   0.139286E+00   0.140000E+00   0.150000E+00         1
   421  242  227  241   0.160000E+00   0.107143E-01   0.150000E+00   0.107143E-01   0.160000E+00   0.000000E+00         1
   422  226  241  227   0.150000E+00   0.000000E+00   0.160000E+00   0.000000E+00   0.150000E+00   0.107143E-01         1
   423  243  228  242   0.160000E+00   0.214286E-01   0.150000E+00   0.214286E-01   0.160000E+00   0.107143E-01         1
   424  227  242  228   0.150000E+00   0.107143E-01   0.160000E+00   0.107143E-01   0.150000E+00   0.214286E-01         1
   425  244  229  243   0.160000E+00   0.321429E-01   0.150000E+00   0.321429E-01   0.160000E+00   0.214286E-01         1
   426  228  243  229   0.150000E+00   0.214286E-01   0.160000E+00   0.214286E-01   0.150000E+00   0.321429E-01         1
   427  245  230  244   0.160000E+00   0.428571E-01   0.150000E+00   0.428571E-01   0.160000E+00   0.321429E-01         1
   428  229  244  230   0.150000E+00   0.321429E-01   0.160000E+00   0.321429E-01   0.150000E+00   0.428571E-01         1
   429  246  231  245   0.160000E+00   0.535714E-01   0.150000E+00   0.535714E-01   0.160000E+00   0.428571E-01         1
   430  230  245  231   0.150000E+00   0.428571E-01   0.160000E+00   0.428571E-01   0.150000E+00   0.535714E-01         1
   431  247  232  246   0.160000E+00   0.642857E-01   0.150000E+00   0.642857E-01   0.160000E+00   0.535714E-01         1
   432  231  246  232   0.150000E+00   0.535714E-01   0.160000E+00   0.535714E-01   0.150000E+00   0.642857E-01         1
   433  248  233  247   0.160000E+00   0.750000E-01   0.150000E+00   0.750000E-01   0.160000E+00   0.642857E-01         1
   434  232  247  233   0.150000E+00   0.642857E-01   0.160000E+00   0.642857E-01   0.150000E+00   0.750000E-01         1
   435  249  234  248   0.160000E+00   0.857143E-01   0.150000E+00   0.857143E-01   0.160000E+00   0.750000E-01         1
   436  233  248  234   0.150000E+00   0.750000E-01   0.160000E+00   0.750000E-01   0.150000E+00   0.857143E-01         1
   437  250  235  249   0.160000E+00   0.964286E-01   0.150000E+00   0.964286E-01   0.160000E+00   0.857143E-01         1
   438  234  249  235   0.150000E+00   0.857143E-01   0.160000E+00   0.857143E-01   0.150000E+00   0.964286E-01         1
   439  251  236  250   0.160000E+00   0.107143E+00   0.150000E+00   0.107143E+00   0.160000E+00   0.964286E-01         1
   440  235  250  236   0.150000E+00   0.964286E-01   0.160000E+00   0.964286E-01   0.150000E+00   0.107143E+00         1
   441  252  237  251   0.160000E+00   0.117857E+00   0.150000E+00   0.117857E+00   0.160000E+00   0.107143E+00         1
   442  236  251  237   0.150000E+00   0.107143E+00   0.160000E+00   0.107143E+00   0.150000E+00   0.117857E+00         1
   443  253  238  252   0.160000E+00   0.128571E+00   0.150000E+00   0.128571E+00   0.160000E+00   0.117857E+00         1
   444  237  252  238   0.150000E+00   0.117857E+00   0.160000E+00   0.117857E+00   0.150000E+00   0.128571E+00         1
   445  254  239  253   0.160000E+00   0.139286E+00   0.150000E+00   0.139286E+00   0.160000E+00   0.128571E+00         1
   446  238  253  239   0.150000E+00   0.128571E+00   0.160000E+00   0.128571E+00   0.150000E+00   0.139286E+00         1
   447  255  240  254   0.160000E+00   0.150000E+00   0.150000E+00   0.150000E+00   0.160000E+00   0.139286E+00         1
   448  239  254  240   0.150000E+00   0.139286E+00   0.160000E+00   0.139286E+00   0.150000E+00   0.150000E+00         1
   449  257  242  256   0.170000E+00   0.107143E-01   0.160000E+00   0.107143E-01   0.170000E+00   0.000000E+00         1
   450  241  256  242   0.160000E+00   0.000000E+00   0.170000E+00   0.000000E+00   0.160000E+00   0.107143E-01         1
   451  258  243  257   0.170000E+00   0.214286E-01   0.160000E+00   0.214286E-01   0.170000E+00   0.107143E-01         1
   452  242  257  243   0.160000E+00   0.107143E-01   0.170000E+00   0.107143E-01   0.160000E+00   0.214286E-01         1
   453  259  244  258   0.170000E+00   0.321429E-01   0.160000E+00   0.321429E-01   0.170000E+00   0.214286E-01         1
   454  243  258  244   0.160000E+00   0.214286E-01   0.170000E+00   0.214286E-01   0.160000E+00   0.321429E-01         1
   455  260  245  259   0.170000E+00   0.428571E-01   0.160000E+00   0.428571E-01   0.170000E+00   0.321429E-01         1
   456  244  259  245   0.160000E+00   0.321429E-01   0.170000E+00   0.321429E-01   0.160000E+00   0.428571E-01         1
   457  261  246  260   0.170000E+00   0.535714E-01   0.160000E+00   0.535714E-01   0.170000E+00   0.428571E-01         1
   458  245  260  246   0.160000E+00   0.428571E-01   0.170000E+00   0.428571E-01   0.160000E+00   0.535714E-01         1
   459  262  247  261   0.170000E+00   0.642857E-01   0.160000E+00   0.642857E-01   0.170000E+00   0.535714E-01         1
   460  246  261  247   0.160000E+00   0.535714E-01   0.170000E+00   0.535714E-01   0.160000E+00   0.642857E-01         1
   461  263  248  262   0.170000E+00   0.750000E-01   0.160000E+00   0.750000E-01   0.170000E+00   0.642857E-01         1
   462  247  262  248   0.160000E+00   0.642857E-01   0.170000E+00   0.642857E-01   0.160000E+00   0.750000E-01         1
   463  264  249  263   0.170000E+00   0.857143E-01   0.160000E+00   0.857143E-01   0.170000E+00   0.750000E-01         1
   464  248  263  249   0.160000E+00   0.750000E-01   0.170000E+00   0.750000E-01   0.160000E+00   0.857143E-01         1
   465  265  250  264   0.170000E+00   0.964286E-01   0.160000E+00   0.964286E-01   0.170000E+00   0.857143E-01         1
   466  249  264  250   0.160000E+00   0.857143E-01   0.170000E+00   0.857143E-01   0.160000E+00   0.964286E-01         1
   467  266  251  265   0.170000E+00   0.107143E+00   0.160000E+00   0.107143E+00   0.170000E+00   0.964286E-01         1
   468  250  265  251   0.160000E+00   0.964286E-01   0.170000E+00   0.964286E-01   0.160000E+00   0.107143E+00         1
   469  267  252  266   0.170000E+00   0.117857E+00   0.160000E+00   0.117857E+00   0.170000E+00   0.107143E+00         1
   470  251  266  252   0.160000E+00   0.107143E+00   0.170000E+00   0.107143E+00   0.160000E+00   0.117857E+00         1
   471  268  253  267   0.170000E+00   0.128571E+00   0.160000E+00   0.128571E+00   0.170000E+00   0.117857E+00         1
   472  252  267  253   0.160000E+00   0.117857E+00   0.170000E+00   0.117857E+00   0.160000E+00   0.128571E+00         1
   473  269  254  268   0.170000E+00   0.139286E+00   0.160000E+00   0.139286E+00   0.170000E+00   0.128571E+00         1
   474  253  268  254   0.160000E+00   0.128571E+00   0.170000E+00   0.128571E+00   0.160000E+00   0.139286E+00         1
   475  270  255  269   0.170000E+00   0.150000E+00   0.160000E+00   0.150000E+00   0.170000E+00   0.139286E+00         1
   476  254  269  255   0.160000E+00   0.139286E+00   0.170000E+00   0.139286E+00   0.160000E+00   0.150000E+00         1
   477  272  257  271   0.180000E+00   0.107143E-01   0.170000E+00   0.107143E-01   0.180000E+00   0.000000E+00         1
   478  256  271  257   0.170000E+00   0.000000E+00   0.180000E+00   0.000000E+00   0.170000E+00   0.107143E-01         1
   479  273  258  272   0.180000E+00   0.214286E-01   0.170000E+00   0.214286E-01   0.180000E+00   0.107143E-01         1
   480  257  272  258   0.170000E+00   0.107143E-01   0.180000E+00   0.107143E-01   0.170000E+00   0.214286E-01         1
   481  274  259  273   0.180000E+00   0.321429E-01   0.170000E+00   0.321429E-01   0.180000E+00   0.214286E-01         1
   482  258  273  259   0.170000E+00   0.214286E-01   0.180000E+00   0.214286E-01   0.170000E+00   0.321429E-01         1
   483  275  260  274   0.180000E+00   0.428571E-01   0.170000E+00   0.428571E-01   0.180000E+00   0.321429E-01         1
   484  259  274  260   0.170000E+00   0.321429E-01   0.180000E+00   0.321429E-01   0.170000E+00   0.428571E-01         1
   485  276  261  275   0.180000E+00   0.535714E-01   0.170000E+00   0.535714E-01   0.180000E+00   0.428571E-01         1
   486  260  275  261   0.170000E+00   0.428571E-01   0.180000E+00   0.428571E-01   0.170000E+00   0.535714E-01         1
   487  277  262  276   0.180000E+00   0.642857E-01   0.170000E+00   0.642857E-01   0.180000E+00   0.535714E-01         1
   488  261  276  262   0.170000E+00   0.535714E-01   0.180000E+00   0.535714E-01   0.170000E+00   0.642857E-01         1
   489  278  263  277   0.180000E+00   0.750000E-01   0.170000E+00   0.750000E-01   0.180000E+00   0.642857E-01         1
   490  262  277  263   0.170000E+00   0.642857E-01   0.180000E+00   0.642857E-01   0.170000E+00   0.750000E-01         1
   491  279  264  278   0.180000E+00   0.857143E-01   0.170000E+00   0.857143E-01   0.180000E+00   0.750000E-01         1
   492  263  278  264   0.170000E+00   0.750000E-01   0.180000E+00   0.750000E-01   0.170000E+00   0.857143E-01         1
   493  280  265  279   0.180000E+00   0.964286E-01   0.170000E+00   0.964286E-01   0.180000E+00   0.857143E-01         1
   494  264  279  265   0.170000E+00   0.857143E-01   0.180000E+00   0.857143E-01   0.170000E+00   0.964286E-01         1
   495  281  266  280   0.180000E+00   0.107143E+00   0.170000E+00   0.107143E+00   0.180000E+00   0.964286E-01         1
   496  265  280  266   0.170000E+00   0.964286E-01   0.180000E+00   0.964286E-01   0.170000E+00   0.107143E+00         1
   497  282  267  281   0.180000E+00   0.117857E+00   0.170000E+00   0.117857E+00   0.180000E+00   0.107143E+00         1
   498  266  281  267   0.170000E+00   0.107143E+00   0.180000E+00   0.107143E+00   0.170000E+00   0.117857E+00         1
   499  283  268  282   0.180000E+00   0.128571E+00   0.170000E+00   0.128571E+00   0.180000E+00   0.117857E+00         1
   500  267  282  268   0.170000E+00   0.117857E+00   0.180000E+00   0.117857E+00   0.170000E+00   0.128571E+00         1
   501  284  269  283   0.180000E+00   0.139286E+00   0.170000E+00   0.139286E+00   0.180000E+00   0.128571E+00         1
   502  268  283  269   0.170000E+00   0.128571E+00   0.180000E+00   0.128571E+00   0.170000E+00   0.139286E+00         1
   503  285  270  284   0.180000E+00   0.150000E+00   0.170000E+00   0.150000E+00   0.180000E+00   0.139286E+00         1
   504  269  284  270   0.170000E+00   0.139286E+00   0.180000E+00   0.139286E+00   0.170000E+00   0.150000E+00         1
   505  287  272  286   0.190000E+00   0.107143E-01   0.180000E+00   0.107143E-01   0.190000E+00   0.000000E+00         1
   506  271  286  272   0.180000E+00   0.000000E+00   0.190000E+00   0.000000E+00   0.180000E+00   0.107143E-01         1
   507  288  273  287   0.190000E+00   0.214286E-01   0.180000E+00   0.214286E-01   0.190000E+00   0.107143E-01         1
   508  272  287  273   0.180000E+00   0.107143E-01   0.190000E+00   0.107143E-01   0.180000E+00   0.214286E-01         1
   509  289  274  288   0.190000E+00   0.321429E-01   0.180000E+00   0.321429E-01   0.190000E+00   0.214286E-01         1
   510  273  288  274   0.180000E+00   0.214286E-01   0.190000E+00   0.214286E-01   0.180000E+00   0.321429E-01         1
   511  290  275  289   0.190000E+00   0.428571E-01   0.180000E+00   0.428571E-01   0.190000E+00   0.321429E-01         1
   512  274  289  275   0.180000E+00   0.321429E-01   0.190000E+00   0.321429E-01   0.180000E+00   0.428571E-01         1
   513  291  276  290   0.190000E+00   0.535714E-01   0.180000E+00   0.535714E-01   0.190000E+00   0.428571E-01         1
   514  275  290  276   0.180000E+00   0.428571E-01   0.190000E+00   0.428571E-01   0.180000E+00   0.535714E-01         1
   515  292  277  291   0.190000E+00   0.642857E-01   0.180000E+00   0.642857E-01   0.190000E+00   0.535714E-01         1
   516  276  291  277   0.180000E+00   0.535714E-01   0.190000E+00   0.535714E-01   0.180000E+00   0.642857E-01         1
   517  293  278  292   0.190000E+00   0.750000E-01   0.180000E+00   0.750000E-01   0.190000E+00   0.642857E-01         1
   518  277  292  278   0.180000E+00   0.642857E-01   0.190000E+00   0.642857E-01   0.180000E+00   0.750000E-01         1
   519  294  279  293   0.190000E+00   0.857143E-01   0.180000E+00   0.857143E-01   0.190000E+00   0.750000E-01         1
   520  278  293  279   0.180000E+00   0.750000E-01   0.190000E+00   0.750000E-01   0.180000E+00   0.857143E-01         1
   521  295  280  294   0.190000E+00   0.964286E-01   0.180000E+00   0.964286E-01   0.190000E+00   0.857143E-01         1
   522  279  294  280   0.180000E+00   0.857143E-01   0.190000E+00   0.857143E-01   0.180000E+00   0.964286E-01         1
   523  296  281  295   0.190000E+00   0.107143E+00   0.180000E+00   0.107143E+00   0.190000E+00   0.964286E-01         1
   524  280  295  281   0.180000E+00   0.964286E-01   0.190000E+00   0.964286E-01   0.180000E+00   0.107143E+00         1
   525  297  282  296   0.190000E+00   0.117857E+00   0.180000E+00   0.117857E+00   0.190000E+00   0.107143E+00         1
   526  281  296  282   0.180000E+00   0.107143E+00   0.190000E+00   0.107143E+00   0.180000E+00   0.117857E+00         1
   527  298  283  297   0.190000E+00   0.128571E+00   0.180000E+00   0.128571E+00   0.190000E+00   0.117857E+00         1
   528  282  297  283   0.180000E+00   0.117857E+00   0.190000E+00   0.117857E+00   0.180000E+00   0.128571E+00         1
   529  299  284  298   0.190000E+00   0.139286E+00   0.180000E+00   0.139286E+00   0.190000E+00   0.128571E+00         1
   530  283  298  284   0.180000E+00   0.128571E+00   0.190000E+00   0.128571E+00   0.180000E+00   0.139286E+00         1
   531  300  285  299   0.190000E+00   0.150000E+00   0.180000E+00   0.150000E+00   0.190000E+00   0.139286E+00         1
   532  284  299  285   0.180000E+00   0.139286E+00   0.190000E+00   0.139286E+00   0.180000E+00   0.150000E+00         1
   533  302  287  301   0.200000E+00   0.107143E-01   0.190000E+00   0.107143E-01   0.200000E+00   0.000000E+00         1
   534  286  301  287   0.190000E+00   0.000000E+00   0.200000E+00   0.000000E+00   0.190000E+00   0.107143E-01         1
   535  303  288  302   0.200000E+00   0.214286E-01   0.190000E+00   0.214286E-01   0.200000E+00   0.107143E-01         1
   536  287  302  288   0.190000E+00   0.107143E-01   0.200000E+00   0.107143E-01   0.190000E+00   0.214286E-01         1
   537  304  289  303   0.200000E+00   0.321429E-01   0.190000E+00   0.321429E-01   0.200000E+00   0.214286E-01         1
   538  288  303  289   0.190000E+00   0.214286E-01   0.200000E+00   0.214286E-01   0.190000E+00   0.321429E-01         1
   539  305  290  304   0.200000E+00   0.428571E-01   0.190000E+00   0.428571E-01   0.200000E+00   0.321429E-01         1
   540  289  304  290   0.190000E+00   0.321429E-01   0.200000E+00   0.321429E-01   0.190000E+00   0.428571E-01         1
   541  306  291  305   0.200000E+00   0.535714E-01   0.190000E+00   0.535714E-01   0.200000E+00   0.428571E-01         1
   542  290  305  291   0.190000E+00   0.428571E-01   0.200000E+00   0.428571E-01   0.190000E+00   0.535714E-01         1
   543  307  292  306   0.200000E+00   0.642857E-01   0.190000E+00   0.642857E-01   0.200000E+00   0.535714E-01         1
   544  291  306  292   0.190000E+00   0.535714E-01   0.200000E+00   0.535714E-01   0.190000E+00   0.642857E-01         1
   545  308  293  307   0.200000E+00   0.750000E-01   0.190000E+00   0.750000E-01   0.200000E+00   0.642857E-01         1
   546  292  307  293   0.190000E+00   0.642857E-01   0.200000E+00   0.642857E-01   0.190000E+00   0.750000E-01         1
   547  309  294  308   0.200000E+00   0.857143E-01   0.190000E+00   0.857143E-01   0.200000E+00   0.750000E-01         1
   548  293  308  294   0.190000E+00   0.750000E-01   0.200000E+00   0.750000E-01   0.190000E+00   0.857143E-01         1
   549  310  295  309   0.200000E+00   0.964286E-01   0.190000E+00   0.964286E-01   0.200000E+00   0.857143E-01         1
   550  294  309  295   0.190000E+00   0.857143E-01   0.200000E+00   0.857143E-01   0.190000E+00   0.964286E-01         1
   551  311  296  310   0.200000E+00   0.107143E+00   0.190000E+00   0.107143E+00   0.200000E+00   0.964286E-01         1
   552  295  310  296   0.190000E+00   0.964286E-01   0.200000E+00   0.964286E-01   0.190000E+00   0.107143E+00         1
   553  312  297  311   0.200000E+00   0.117857E+00   0.190000E+00   0.117857E+00   0.200000E+00   0.107143E+00         1
   554  296  311  297   0.190000E+00   0.107143E+00   0.200000E+00   0.107143E+00   0.190000E+00   0.117857E+00         1
   555  313  298  312   0.200000E+00   0.128571E+00   0.190000E+00   0.128571E+00   0.200000E+00   0.117857E+00         1
   556  297  312  298   0.190000E+00   0.117857E+00   0.200000E+00   0.117857E+00   0.190000E+00   0.128571E+00         1
   557  314  299  313   0.200000E+00   0.139286E+00   0.190000E+00   0.139286E+00   0.200000E+00   0.128571E+00         1
   558  298  313  299   0.190000E+00   0.128571E+00   0.200000E+00   0.128571E+00   0.190000E+00   0.139286E+00         1
   559  315  300  314   0.200000E+00   0.150000E+00   0.190000E+00   0.150000E+00   0.200000E+00   0.139286E+00         1
   560  299  314  300   0.190000E+00   0.139286E+00   0.200000E+00   0.139286E+00   0.190000E+00   0.150000E+00         1
