                   335
                     1                     1  0.000000000000000E+000
  0.000000000000000E+000  0.000000000000000E+000
                     2                     2  0.000000000000000E+000
  0.000000000000000E+000  0.333333333333333     
                     3                     3  0.000000000000000E+000
  0.333333333333333       0.000000000000000E+000
                     4                     4  0.333333333333333     
  0.000000000000000E+000  0.000000000000000E+000
                     5                     5 -0.333333333333333     
  0.000000000000000E+000  0.000000000000000E+000
                     6                     6  0.000000000000000E+000
 -0.333333333333333       0.000000000000000E+000
                     7                     7  0.000000000000000E+000
  0.000000000000000E+000 -0.333333333333333     
                     8                     8  0.000000000000000E+000
  0.333333333333333       0.333333333333333     
                     9                     9  0.333333333333333     
  0.000000000000000E+000  0.333333333333333     
                    10                    10  0.333333333333333     
  0.333333333333333       0.000000000000000E+000
                    11                    11 -0.333333333333333     
  0.000000000000000E+000  0.333333333333333     
                    12                    12 -0.333333333333333     
  0.333333333333333       0.000000000000000E+000
                    13                    13  0.000000000000000E+000
 -0.333333333333333       0.333333333333333     
                    14                    14  0.000000000000000E+000
  0.333333333333333      -0.333333333333333     
                    15                    15  0.333333333333333     
 -0.333333333333333       0.000000000000000E+000
                    16                    16  0.333333333333333     
  0.000000000000000E+000 -0.333333333333333     
                    17                    17 -0.333333333333333     
 -0.333333333333333       0.000000000000000E+000
                    18                    18 -0.333333333333333     
  0.000000000000000E+000 -0.333333333333333     
                    19                    19  0.000000000000000E+000
 -0.333333333333333      -0.333333333333333     
                    20                    20  0.333333333333333     
  0.333333333333333       0.333333333333333     
                    21                    21 -0.333333333333333     
 -0.333333333333333       0.333333333333333     
                    22                    22 -0.333333333333333     
  0.333333333333333       0.333333333333333     
                    23                    23  0.333333333333333     
 -0.333333333333333       0.333333333333333     
                    24                    24  0.333333333333333     
  0.333333333333333      -0.333333333333333     
                    25                    25 -0.333333333333333     
 -0.333333333333333      -0.333333333333333     
                    26                    26 -0.333333333333333     
  0.333333333333333      -0.333333333333333     
                    27                    27  0.333333333333333     
 -0.333333333333333      -0.333333333333333     
                    28                    28 -0.666666666666667     
  0.000000000000000E+000  0.000000000000000E+000
                    29                    29  0.000000000000000E+000
 -0.666666666666667       0.000000000000000E+000
                    30                    30  0.000000000000000E+000
  0.000000000000000E+000 -0.666666666666667     
                    31                    31  0.000000000000000E+000
  0.000000000000000E+000  0.666666666666667     
                    32                    32  0.000000000000000E+000
  0.666666666666667       0.000000000000000E+000
                    33                    33  0.666666666666667     
  0.000000000000000E+000  0.000000000000000E+000
                    34                    34 -0.666666666666667     
  0.000000000000000E+000  0.333333333333333     
                    35                    35 -0.666666666666667     
  0.333333333333333       0.000000000000000E+000
                    36                    36  0.000000000000000E+000
 -0.666666666666667       0.333333333333333     
                    37                    37  0.000000000000000E+000
  0.333333333333333      -0.666666666666667     
                    38                    38  0.000000000000000E+000
  0.333333333333333       0.666666666666667     
                    39                    39  0.000000000000000E+000
  0.666666666666667       0.333333333333333     
                    40                    40  0.333333333333333     
 -0.666666666666667       0.000000000000000E+000
                    41                    41  0.333333333333333     
  0.000000000000000E+000 -0.666666666666667     
                    42                    42  0.333333333333333     
  0.000000000000000E+000  0.666666666666667     
                    43                    43  0.333333333333333     
  0.666666666666667       0.000000000000000E+000
                    44                    44  0.666666666666667     
  0.000000000000000E+000  0.333333333333333     
                    45                    45  0.666666666666667     
  0.333333333333333       0.000000000000000E+000
                    46                    46 -0.666666666666667     
 -0.333333333333333       0.000000000000000E+000
                    47                    47 -0.666666666666667     
  0.000000000000000E+000 -0.333333333333333     
                    48                    48 -0.333333333333333     
 -0.666666666666667       0.000000000000000E+000
                    49                    49 -0.333333333333333     
  0.000000000000000E+000 -0.666666666666667     
                    50                    50 -0.333333333333333     
  0.000000000000000E+000  0.666666666666667     
                    51                    51 -0.333333333333333     
  0.666666666666667       0.000000000000000E+000
                    52                    52  0.000000000000000E+000
 -0.666666666666667      -0.333333333333333     
                    53                    53  0.000000000000000E+000
 -0.333333333333333      -0.666666666666667     
                    54                    54  0.000000000000000E+000
 -0.333333333333333       0.666666666666667     
                    55                    55  0.000000000000000E+000
  0.666666666666667      -0.333333333333333     
                    56                    56  0.666666666666667     
 -0.333333333333333       0.000000000000000E+000
                    57                    57  0.666666666666667     
  0.000000000000000E+000 -0.333333333333333     
                    58                    58 -0.666666666666667     
 -0.333333333333333       0.333333333333333     
                    59                    59 -0.666666666666667     
  0.333333333333333      -0.333333333333333     
                    60                    60 -0.666666666666667     
  0.333333333333333       0.333333333333333     
                    61                    61 -0.333333333333333     
 -0.666666666666667       0.333333333333333     
                    62                    62 -0.333333333333333     
 -0.333333333333333      -0.666666666666667     
                    63                    63 -0.333333333333333     
 -0.333333333333333       0.666666666666667     
                    64                    64 -0.333333333333333     
  0.333333333333333      -0.666666666666667     
                    65                    65 -0.333333333333333     
  0.333333333333333       0.666666666666667     
                    66                    66 -0.333333333333333     
  0.666666666666667       0.333333333333333     
                    67                    67  0.333333333333333     
 -0.666666666666667      -0.333333333333333     
                    68                    68  0.333333333333333     
 -0.666666666666667       0.333333333333333     
                    69                    69  0.333333333333333     
 -0.333333333333333      -0.666666666666667     
                    70                    70  0.333333333333333     
 -0.333333333333333       0.666666666666667     
                    71                    71  0.333333333333333     
  0.333333333333333      -0.666666666666667     
                    72                    72  0.333333333333333     
  0.333333333333333       0.666666666666667     
                    73                    73  0.333333333333333     
  0.666666666666667      -0.333333333333333     
                    74                    74  0.333333333333333     
  0.666666666666667       0.333333333333333     
                    75                    75  0.666666666666667     
 -0.333333333333333       0.333333333333333     
                    76                    76  0.666666666666667     
  0.333333333333333      -0.333333333333333     
                    77                    77  0.666666666666667     
  0.333333333333333       0.333333333333333     
                    78                    78 -0.666666666666667     
 -0.333333333333333      -0.333333333333333     
                    79                    79 -0.333333333333333     
 -0.666666666666667      -0.333333333333333     
                    80                    80 -0.333333333333333     
  0.666666666666667      -0.333333333333333     
                    81                    81  0.666666666666667     
 -0.333333333333333      -0.333333333333333     
                    82                    82 -0.666666666666667     
 -0.666666666666667       0.000000000000000E+000
                    83                    83 -0.666666666666667     
  0.000000000000000E+000 -0.666666666666667     
                    84                    84 -0.666666666666667     
  0.000000000000000E+000  0.666666666666667     
                    85                    85 -0.666666666666667     
  0.666666666666667       0.000000000000000E+000
                    86                    86  0.000000000000000E+000
 -0.666666666666667      -0.666666666666667     
                    87                    87  0.000000000000000E+000
 -0.666666666666667       0.666666666666667     
                    88                    88  0.000000000000000E+000
  0.666666666666667      -0.666666666666667     
                    89                    89  0.000000000000000E+000
  0.666666666666667       0.666666666666667     
                    90                    90  0.666666666666667     
 -0.666666666666667       0.000000000000000E+000
                    91                    91  0.666666666666667     
  0.000000000000000E+000 -0.666666666666667     
                    92                    92  0.666666666666667     
  0.000000000000000E+000  0.666666666666667     
                    93                    93  0.666666666666667     
  0.666666666666667       0.000000000000000E+000
                    94                    94 -0.666666666666667     
 -0.666666666666667      -0.333333333333333     
                    95                    95 -0.666666666666667     
 -0.666666666666667       0.333333333333333     
                    96                    96 -0.666666666666667     
 -0.333333333333333      -0.666666666666667     
                    97                    97 -0.666666666666667     
 -0.333333333333333       0.666666666666667     
                    98                    98 -0.666666666666667     
  0.333333333333333      -0.666666666666667     
                    99                    99 -0.666666666666667     
  0.333333333333333       0.666666666666667     
                   100                   100 -0.666666666666667     
  0.666666666666667      -0.333333333333333     
                   101                   101 -0.666666666666667     
  0.666666666666667       0.333333333333333     
                   102                   102 -0.333333333333333     
 -0.666666666666667      -0.666666666666667     
                   103                   103 -0.333333333333333     
 -0.666666666666667       0.666666666666667     
                   104                   104 -0.333333333333333     
  0.666666666666667      -0.666666666666667     
                   105                   105 -0.333333333333333     
  0.666666666666667       0.666666666666667     
                   106                   106  0.333333333333333     
 -0.666666666666667      -0.666666666666667     
                   107                   107  0.333333333333333     
 -0.666666666666667       0.666666666666667     
                   108                   108  0.333333333333333     
  0.666666666666667      -0.666666666666667     
                   109                   109  0.333333333333333     
  0.666666666666667       0.666666666666667     
                   110                   110  0.666666666666667     
 -0.666666666666667      -0.333333333333333     
                   111                   111  0.666666666666667     
 -0.666666666666667       0.333333333333333     
                   112                   112  0.666666666666667     
 -0.333333333333333      -0.666666666666667     
                   113                   113  0.666666666666667     
 -0.333333333333333       0.666666666666667     
                   114                   114  0.666666666666667     
  0.333333333333333      -0.666666666666667     
                   115                   115  0.666666666666667     
  0.333333333333333       0.666666666666667     
                   116                   116  0.666666666666667     
  0.666666666666667      -0.333333333333333     
                   117                   117  0.666666666666667     
  0.666666666666667       0.333333333333333     
                   118                   118  -1.00000000000000     
  0.000000000000000E+000  0.000000000000000E+000
                   119                   119  0.000000000000000E+000
  -1.00000000000000       0.000000000000000E+000
                   120                   120  0.000000000000000E+000
  0.000000000000000E+000  -1.00000000000000     
                   121                   121  0.000000000000000E+000
  0.000000000000000E+000   1.00000000000000     
                   122                   122  0.000000000000000E+000
   1.00000000000000       0.000000000000000E+000
                   123                   123   1.00000000000000     
  0.000000000000000E+000  0.000000000000000E+000
                   124                   124  -1.00000000000000     
 -0.333333333333333       0.000000000000000E+000
                   125                   125  -1.00000000000000     
  0.000000000000000E+000 -0.333333333333333     
                   126                   126  -1.00000000000000     
  0.000000000000000E+000  0.333333333333333     
                   127                   127  -1.00000000000000     
  0.333333333333333       0.000000000000000E+000
                   128                   128 -0.333333333333333     
  -1.00000000000000       0.000000000000000E+000
                   129                   129 -0.333333333333333     
  0.000000000000000E+000  -1.00000000000000     
                   130                   130 -0.333333333333333     
  0.000000000000000E+000   1.00000000000000     
                   131                   131 -0.333333333333333     
   1.00000000000000       0.000000000000000E+000
                   132                   132  0.000000000000000E+000
  -1.00000000000000      -0.333333333333333     
                   133                   133  0.000000000000000E+000
  -1.00000000000000       0.333333333333333     
                   134                   134  0.000000000000000E+000
 -0.333333333333333       -1.00000000000000     
                   135                   135  0.000000000000000E+000
 -0.333333333333333        1.00000000000000     
                   136                   136  0.000000000000000E+000
  0.333333333333333       -1.00000000000000     
                   137                   137  0.000000000000000E+000
  0.333333333333333        1.00000000000000     
                   138                   138  0.000000000000000E+000
   1.00000000000000      -0.333333333333333     
                   139                   139  0.000000000000000E+000
   1.00000000000000       0.333333333333333     
                   140                   140  0.333333333333333     
  -1.00000000000000       0.000000000000000E+000
                   141                   141  0.333333333333333     
  0.000000000000000E+000  -1.00000000000000     
                   142                   142  0.333333333333333     
  0.000000000000000E+000   1.00000000000000     
                   143                   143  0.333333333333333     
   1.00000000000000       0.000000000000000E+000
                   144                   144   1.00000000000000     
 -0.333333333333333       0.000000000000000E+000
                   145                   145   1.00000000000000     
  0.000000000000000E+000 -0.333333333333333     
                   146                   146   1.00000000000000     
  0.000000000000000E+000  0.333333333333333     
                   147                   147   1.00000000000000     
  0.333333333333333       0.000000000000000E+000
                   148                   148  0.333333333333333     
  0.333333333333333       -1.00000000000000     
                   149                   149  0.333333333333333     
  0.333333333333333        1.00000000000000     
                   150                   150  -1.00000000000000     
 -0.333333333333333      -0.333333333333333     
                   151                   151  -1.00000000000000     
 -0.333333333333333       0.333333333333333     
                   152                   152  -1.00000000000000     
  0.333333333333333      -0.333333333333333     
                   153                   153  -1.00000000000000     
  0.333333333333333       0.333333333333333     
                   154                   154 -0.333333333333333     
  -1.00000000000000      -0.333333333333333     
                   155                   155 -0.333333333333333     
  -1.00000000000000       0.333333333333333     
                   156                   156 -0.333333333333333     
 -0.333333333333333       -1.00000000000000     
                   157                   157 -0.333333333333333     
 -0.333333333333333        1.00000000000000     
                   158                   158 -0.333333333333333     
  0.333333333333333       -1.00000000000000     
                   159                   159 -0.333333333333333     
  0.333333333333333        1.00000000000000     
                   160                   160 -0.333333333333333     
   1.00000000000000      -0.333333333333333     
                   161                   161 -0.333333333333333     
   1.00000000000000       0.333333333333333     
                   162                   162  0.333333333333333     
  -1.00000000000000      -0.333333333333333     
                   163                   163  0.333333333333333     
  -1.00000000000000       0.333333333333333     
                   164                   164  0.333333333333333     
 -0.333333333333333       -1.00000000000000     
                   165                   165  0.333333333333333     
 -0.333333333333333        1.00000000000000     
                   166                   166  0.333333333333333     
   1.00000000000000      -0.333333333333333     
                   167                   167  0.333333333333333     
   1.00000000000000       0.333333333333333     
                   168                   168   1.00000000000000     
 -0.333333333333333      -0.333333333333333     
                   169                   169   1.00000000000000     
 -0.333333333333333       0.333333333333333     
                   170                   170   1.00000000000000     
  0.333333333333333      -0.333333333333333     
                   171                   171   1.00000000000000     
  0.333333333333333       0.333333333333333     
                   172                   172 -0.666666666666667     
 -0.666666666666667      -0.666666666666667     
                   173                   173 -0.666666666666667     
 -0.666666666666667       0.666666666666667     
                   174                   174 -0.666666666666667     
  0.666666666666667      -0.666666666666667     
                   175                   175 -0.666666666666667     
  0.666666666666667       0.666666666666667     
                   176                   176  0.666666666666667     
 -0.666666666666667      -0.666666666666667     
                   177                   177  0.666666666666667     
 -0.666666666666667       0.666666666666667     
                   178                   178  0.666666666666667     
  0.666666666666667      -0.666666666666667     
                   179                   179  0.666666666666667     
  0.666666666666667       0.666666666666667     
                   180                   180  -1.00000000000000     
 -0.666666666666667       0.000000000000000E+000
                   181                   181  -1.00000000000000     
  0.000000000000000E+000 -0.666666666666667     
                   182                   182  -1.00000000000000     
  0.000000000000000E+000  0.666666666666667     
                   183                   183  -1.00000000000000     
  0.666666666666667       0.000000000000000E+000
                   184                   184 -0.666666666666667     
  -1.00000000000000       0.000000000000000E+000
                   185                   185 -0.666666666666667     
  0.000000000000000E+000  -1.00000000000000     
                   186                   186 -0.666666666666667     
  0.000000000000000E+000   1.00000000000000     
                   187                   187 -0.666666666666667     
   1.00000000000000       0.000000000000000E+000
                   188                   188  0.000000000000000E+000
  -1.00000000000000      -0.666666666666667     
                   189                   189  0.000000000000000E+000
  -1.00000000000000       0.666666666666667     
                   190                   190  0.000000000000000E+000
 -0.666666666666667       -1.00000000000000     
                   191                   191  0.000000000000000E+000
 -0.666666666666667        1.00000000000000     
                   192                   192  0.000000000000000E+000
  0.666666666666667       -1.00000000000000     
                   193                   193  0.000000000000000E+000
  0.666666666666667        1.00000000000000     
                   194                   194  0.000000000000000E+000
   1.00000000000000      -0.666666666666667     
                   195                   195  0.000000000000000E+000
   1.00000000000000       0.666666666666667     
                   196                   196  0.666666666666667     
  -1.00000000000000       0.000000000000000E+000
                   197                   197  0.666666666666667     
  0.000000000000000E+000  -1.00000000000000     
                   198                   198  0.666666666666667     
  0.000000000000000E+000   1.00000000000000     
                   199                   199  0.666666666666667     
   1.00000000000000       0.000000000000000E+000
                   200                   200   1.00000000000000     
 -0.666666666666667       0.000000000000000E+000
                   201                   201   1.00000000000000     
  0.000000000000000E+000 -0.666666666666667     
                   202                   202   1.00000000000000     
  0.000000000000000E+000  0.666666666666667     
                   203                   203   1.00000000000000     
  0.666666666666667       0.000000000000000E+000
                   204                   204 -0.666666666666667     
  0.333333333333333       -1.00000000000000     
                   205                   205 -0.666666666666667     
  0.333333333333333        1.00000000000000     
                   206                   206  0.333333333333333     
 -0.666666666666667       -1.00000000000000     
                   207                   207  0.333333333333333     
 -0.666666666666667        1.00000000000000     
                   208                   208  0.333333333333333     
  0.666666666666667       -1.00000000000000     
                   209                   209  0.333333333333333     
  0.666666666666667        1.00000000000000     
                   210                   210  0.666666666666667     
  0.333333333333333       -1.00000000000000     
                   211                   211  0.666666666666667     
  0.333333333333333        1.00000000000000     
                   212                   212  -1.00000000000000     
 -0.666666666666667      -0.333333333333333     
                   213                   213  -1.00000000000000     
 -0.666666666666667       0.333333333333333     
                   214                   214  -1.00000000000000     
 -0.333333333333333      -0.666666666666667     
                   215                   215  -1.00000000000000     
 -0.333333333333333       0.666666666666667     
                   216                   216  -1.00000000000000     
  0.333333333333333      -0.666666666666667     
                   217                   217  -1.00000000000000     
  0.333333333333333       0.666666666666667     
                   218                   218  -1.00000000000000     
  0.666666666666667      -0.333333333333333     
                   219                   219  -1.00000000000000     
  0.666666666666667       0.333333333333333     
                   220                   220 -0.666666666666667     
  -1.00000000000000      -0.333333333333333     
                   221                   221 -0.666666666666667     
  -1.00000000000000       0.333333333333333     
                   222                   222 -0.666666666666667     
 -0.333333333333333       -1.00000000000000     
                   223                   223 -0.666666666666667     
 -0.333333333333333        1.00000000000000     
                   224                   224 -0.666666666666667     
   1.00000000000000      -0.333333333333333     
                   225                   225 -0.666666666666667     
   1.00000000000000       0.333333333333333     
                   226                   226 -0.333333333333333     
  -1.00000000000000      -0.666666666666667     
                   227                   227 -0.333333333333333     
  -1.00000000000000       0.666666666666667     
                   228                   228 -0.333333333333333     
 -0.666666666666667       -1.00000000000000     
                   229                   229 -0.333333333333333     
 -0.666666666666667        1.00000000000000     
                   230                   230 -0.333333333333333     
  0.666666666666667       -1.00000000000000     
                   231                   231 -0.333333333333333     
  0.666666666666667        1.00000000000000     
                   232                   232 -0.333333333333333     
   1.00000000000000      -0.666666666666667     
                   233                   233 -0.333333333333333     
   1.00000000000000       0.666666666666667     
                   234                   234  0.333333333333333     
  -1.00000000000000      -0.666666666666667     
                   235                   235  0.333333333333333     
  -1.00000000000000       0.666666666666667     
                   236                   236  0.333333333333333     
   1.00000000000000      -0.666666666666667     
                   237                   237  0.333333333333333     
   1.00000000000000       0.666666666666667     
                   238                   238  0.666666666666667     
  -1.00000000000000      -0.333333333333333     
                   239                   239  0.666666666666667     
  -1.00000000000000       0.333333333333333     
                   240                   240  0.666666666666667     
 -0.333333333333333       -1.00000000000000     
                   241                   241  0.666666666666667     
 -0.333333333333333        1.00000000000000     
                   242                   242  0.666666666666667     
   1.00000000000000      -0.333333333333333     
                   243                   243  0.666666666666667     
   1.00000000000000       0.333333333333333     
                   244                   244   1.00000000000000     
 -0.666666666666667      -0.333333333333333     
                   245                   245   1.00000000000000     
 -0.666666666666667       0.333333333333333     
                   246                   246   1.00000000000000     
 -0.333333333333333      -0.666666666666667     
                   247                   247   1.00000000000000     
 -0.333333333333333       0.666666666666667     
                   248                   248   1.00000000000000     
  0.333333333333333      -0.666666666666667     
                   249                   249   1.00000000000000     
  0.333333333333333       0.666666666666667     
                   250                   250   1.00000000000000     
  0.666666666666667      -0.333333333333333     
                   251                   251   1.00000000000000     
  0.666666666666667       0.333333333333333     
                   252                   252 -0.666666666666667     
 -0.666666666666667       -1.00000000000000     
                   253                   253 -0.666666666666667     
 -0.666666666666667        1.00000000000000     
                   254                   254 -0.666666666666667     
  0.666666666666667       -1.00000000000000     
                   255                   255 -0.666666666666667     
  0.666666666666667        1.00000000000000     
                   256                   256  0.666666666666667     
 -0.666666666666667       -1.00000000000000     
                   257                   257  0.666666666666667     
 -0.666666666666667        1.00000000000000     
                   258                   258  0.666666666666667     
  0.666666666666667       -1.00000000000000     
                   259                   259  0.666666666666667     
  0.666666666666667        1.00000000000000     
                   260                   260  -1.00000000000000     
 -0.666666666666667      -0.666666666666667     
                   261                   261  -1.00000000000000     
 -0.666666666666667       0.666666666666667     
                   262                   262  -1.00000000000000     
  0.666666666666667      -0.666666666666667     
                   263                   263  -1.00000000000000     
  0.666666666666667       0.666666666666667     
                   264                   264 -0.666666666666667     
  -1.00000000000000      -0.666666666666667     
                   265                   265 -0.666666666666667     
  -1.00000000000000       0.666666666666667     
                   266                   266 -0.666666666666667     
   1.00000000000000      -0.666666666666667     
                   267                   267 -0.666666666666667     
   1.00000000000000       0.666666666666667     
                   268                   268  0.666666666666667     
  -1.00000000000000      -0.666666666666667     
                   269                   269  0.666666666666667     
  -1.00000000000000       0.666666666666667     
                   270                   270  0.666666666666667     
   1.00000000000000      -0.666666666666667     
                   271                   271  0.666666666666667     
   1.00000000000000       0.666666666666667     
                   272                   272   1.00000000000000     
 -0.666666666666667      -0.666666666666667     
                   273                   273   1.00000000000000     
 -0.666666666666667       0.666666666666667     
                   274                   274   1.00000000000000     
  0.666666666666667      -0.666666666666667     
                   275                   275   1.00000000000000     
  0.666666666666667       0.666666666666667     
                   276                   276  -1.00000000000000     
  -1.00000000000000       0.000000000000000E+000
                   277                   277  -1.00000000000000     
  0.000000000000000E+000  -1.00000000000000     
                   278                   278  -1.00000000000000     
  0.000000000000000E+000   1.00000000000000     
                   279                   279  -1.00000000000000     
   1.00000000000000       0.000000000000000E+000
                   280                   280  0.000000000000000E+000
  -1.00000000000000       -1.00000000000000     
                   281                   281  0.000000000000000E+000
  -1.00000000000000        1.00000000000000     
                   282                   282  0.000000000000000E+000
   1.00000000000000       -1.00000000000000     
                   283                   283  0.000000000000000E+000
   1.00000000000000        1.00000000000000     
                   284                   284   1.00000000000000     
  -1.00000000000000       0.000000000000000E+000
                   285                   285   1.00000000000000     
  0.000000000000000E+000  -1.00000000000000     
                   286                   286   1.00000000000000     
  0.000000000000000E+000   1.00000000000000     
                   287                   287   1.00000000000000     
   1.00000000000000       0.000000000000000E+000
                   288                   288  -1.00000000000000     
  -1.00000000000000      -0.333333333333333     
                   289                   289  -1.00000000000000     
  -1.00000000000000       0.333333333333333     
                   290                   290  -1.00000000000000     
 -0.333333333333333       -1.00000000000000     
                   291                   291  -1.00000000000000     
 -0.333333333333333        1.00000000000000     
                   292                   292  -1.00000000000000     
  0.333333333333333       -1.00000000000000     
                   293                   293  -1.00000000000000     
  0.333333333333333        1.00000000000000     
                   294                   294  -1.00000000000000     
   1.00000000000000      -0.333333333333333     
                   295                   295  -1.00000000000000     
   1.00000000000000       0.333333333333333     
                   296                   296 -0.333333333333333     
  -1.00000000000000       -1.00000000000000     
                   297                   297 -0.333333333333333     
  -1.00000000000000        1.00000000000000     
                   298                   298 -0.333333333333333     
   1.00000000000000       -1.00000000000000     
                   299                   299 -0.333333333333333     
   1.00000000000000        1.00000000000000     
                   300                   300  0.333333333333333     
  -1.00000000000000       -1.00000000000000     
                   301                   301  0.333333333333333     
  -1.00000000000000        1.00000000000000     
                   302                   302  0.333333333333333     
   1.00000000000000       -1.00000000000000     
                   303                   303  0.333333333333333     
   1.00000000000000        1.00000000000000     
                   304                   304   1.00000000000000     
  -1.00000000000000      -0.333333333333333     
                   305                   305   1.00000000000000     
  -1.00000000000000       0.333333333333333     
                   306                   306   1.00000000000000     
 -0.333333333333333       -1.00000000000000     
                   307                   307   1.00000000000000     
 -0.333333333333333        1.00000000000000     
                   308                   308   1.00000000000000     
  0.333333333333333       -1.00000000000000     
                   309                   309   1.00000000000000     
  0.333333333333333        1.00000000000000     
                   310                   310   1.00000000000000     
   1.00000000000000      -0.333333333333333     
                   311                   311   1.00000000000000     
   1.00000000000000       0.333333333333333     
                   312                   312  -1.00000000000000     
  -1.00000000000000      -0.666666666666667     
                   313                   313  -1.00000000000000     
  -1.00000000000000       0.666666666666667     
                   314                   314  -1.00000000000000     
 -0.666666666666667       -1.00000000000000     
                   315                   315  -1.00000000000000     
 -0.666666666666667        1.00000000000000     
                   316                   316  -1.00000000000000     
  0.666666666666667       -1.00000000000000     
                   317                   317  -1.00000000000000     
  0.666666666666667        1.00000000000000     
                   318                   318  -1.00000000000000     
   1.00000000000000      -0.666666666666667     
                   319                   319  -1.00000000000000     
   1.00000000000000       0.666666666666667     
                   320                   320 -0.666666666666667     
  -1.00000000000000       -1.00000000000000     
                   321                   321 -0.666666666666667     
  -1.00000000000000        1.00000000000000     
                   322                   322 -0.666666666666667     
   1.00000000000000       -1.00000000000000     
                   323                   323 -0.666666666666667     
   1.00000000000000        1.00000000000000     
                   324                   324  0.666666666666667     
  -1.00000000000000       -1.00000000000000     
                   325                   325  0.666666666666667     
  -1.00000000000000        1.00000000000000     
                   326                   326  0.666666666666667     
   1.00000000000000       -1.00000000000000     
                   327                   327  0.666666666666667     
   1.00000000000000        1.00000000000000     
                   328                   328   1.00000000000000     
  -1.00000000000000      -0.666666666666667     
                   329                   329   1.00000000000000     
  -1.00000000000000       0.666666666666667     
                   330                   330   1.00000000000000     
 -0.666666666666667       -1.00000000000000     
                   331                   331   1.00000000000000     
 -0.666666666666667        1.00000000000000     
                   332                   332   1.00000000000000     
  0.666666666666667       -1.00000000000000     
                   333                   333   1.00000000000000     
  0.666666666666667        1.00000000000000     
                   334                   334   1.00000000000000     
   1.00000000000000      -0.666666666666667     
                   335                   335   1.00000000000000     
   1.00000000000000       0.666666666666667     
